30.000000
30.000000
30.000000
30.000000
30.000000
30.000000
30.000000
30.000000
30.000000
30.000000
30.000000
30.000000
30.000000
30.000000
30.000000
30.000000
30.000000
30.000000
30.000000
30.000000
30.000000
30.000000
30.000000
30.000000
30.000000
30.000000
30.000000
30.000000
30.000000
30.000000
30.000000
30.000000
30.000000
30.000000
30.000000
30.000000
30.000000
30.000000
30.000000
30.000000
30.000000
30.000000
30.000000
30.000000
30.000000
30.000000
30.000000
30.000000
30.000000
30.000000
30.000000
30.000000
30.000000
30.000000
30.000000
30.000000
30.000000
30.000000
30.000000
30.000000
30.000000
30.000000
30.000000
30.000000
30.000000
30.000000
30.000000
30.000000
30.000000
30.000000
30.000000
30.000000
30.000000
30.000000
30.000000
30.000000
30.000000
30.000000
30.000000
30.000000
30.000000
30.000000
30.000000
30.000000
30.000000
30.000000
30.000000
30.000000
30.000000
30.000000
30.000000
30.000000
30.000000
30.000000
30.000000
30.000000
30.000000
30.000000
30.000000
30.000000
30.000000
30.000000
30.000000
30.000000
30.000000
30.000000
30.000000
30.000000
30.000000
30.000000
30.000000
30.000000
30.000000
30.000000
30.000000
30.000000
30.000000
30.000000
30.000000
30.000000
30.000000
30.000000
30.000000
30.000000
30.000000
29.833268
28.699131
27.620376
26.593891
25.616754
24.686229
23.799747
22.954898
22.149420
21.381189
20.648208
19.948600
19.280602
18.642552
18.032891
17.450147
16.892935
16.359952
15.849968
15.361823
14.894426
14.446743
14.017803
13.606686
13.212523
12.834495
12.471826
12.123783
11.789673
11.468841
11.160664
10.864555
10.579958
10.306344
10.043215
9.790095
9.546536
9.312110
9.086414
8.869063
8.659691
8.457953
8.263520
8.076077
7.895328
7.720990
7.552793
7.390481
7.233811
7.082549
6.936474
6.795377
6.659055
6.527318
6.399982
6.276874
6.157827
6.042683
5.931289
5.823503
5.719184
5.618203
5.520431
5.425749
5.334041
5.245197
5.159111
5.075683
4.994815
4.916416
4.840396
4.766670
4.695158
4.625781
4.558464
4.493135
4.429727
4.368172
4.308408
4.250373
4.194010
4.139262
4.086075
4.034398
3.984180
3.935375
3.887936
3.841818
3.796980
3.753381
3.710980
3.669740
3.629626
3.590600
3.552630
3.515683
3.479728
3.444733
3.410671
3.377512
3.345230
3.313798
3.283191
3.253384
3.224355
3.196079
3.168535
3.141703
3.115560
3.090088
3.065267
3.041078
3.017504
2.994527
2.972131
2.950299
2.929015
2.908263
2.888031
2.868302
2.849063
2.830301
2.812002
2.794154
2.776745
2.759762
2.743195
2.727031
2.711261
2.695873
2.680858
2.666205
2.651904
2.637947
2.624324
2.611026
2.598045
2.585372
2.572999
2.560918
2.549122
2.537602
2.526352
2.515364
2.504632
2.494148
2.483907
2.473901
2.464124
2.454571
2.445235
2.436110
2.427191
2.418473
2.409949
2.401615
2.393466
2.385496
2.377701
2.370075
2.362615
2.355315
2.348172
2.341180
2.334336
2.327635
2.321074
2.314648
2.308354
2.302187
2.296144
2.290222
2.284416
2.278724
2.273142
2.267666
2.262294
2.257022
2.251848
2.246767
2.241778
2.236876
2.232061
2.227327
2.222674
2.218098
2.213597
2.209167
2.204808
2.200515
2.196288
2.192123
2.188018
2.183971
2.179980
2.176043
2.172157
2.168321
2.164533
2.160790
2.157092
2.153435
2.149819
2.146241
2.142700
2.139194
2.135722
2.132281
2.128871
2.125490
2.122137
2.118810
2.115507
2.112228
2.108971
2.105735
2.102518
2.099321
2.096140
2.092976
2.089827
2.086692
2.083571
2.080462
2.077365
2.074277
2.071200
2.068132
2.065072
2.062019
2.058973
2.055933
2.052899
2.049869
2.046844
2.043823
2.040805
2.037790
2.034777
2.031767
2.028758
2.025751
2.022744
2.019739
2.016735
2.013731
2.010727
2.007723
2.004720
2.001716
2.000421
1.997343
1.994188
1.990959
1.987656
1.984282
1.980837
1.977323
1.973741
1.970093
1.966381
1.962605
1.958767
1.954869
1.950911
1.946895
1.942823
1.938695
1.934514
1.930280
1.925994
1.921658
1.917273
1.912841
1.908362
1.903838
1.899270
1.894660
1.890007
1.885315
1.880583
1.875812
1.871005
1.866162
1.861285
1.856373
1.851430
1.846454
1.841449
1.836414
1.831351
1.826260
1.821144
1.816002
1.810836
1.805647
1.800436
1.795203
1.789951
1.784679
1.779388
1.774081
1.768756
1.763417
1.758062
1.752694
1.747313
1.741920
1.736515
1.731101
1.725676
1.720244
1.714803
1.709355
1.703901
1.698442
1.692978
1.687510
1.682039
1.676566
1.671091
1.665615
1.660140
1.654664
1.649190
1.643718
1.638248
1.632782
1.627320
1.621862
1.616410
1.610963
1.605523
1.600090
1.594666
1.589249
1.583841
1.578443
1.573056
1.567678
1.562313
1.556959
1.551617
1.546288
1.540973
1.535671
1.530385
1.525113
1.519856
1.514616
1.509391
1.504184
1.498994
1.493822
1.488668
1.483533
1.478417
1.473320
1.468243
1.463187
1.458151
1.453136
1.448143
1.443172
1.438223
1.433297
1.428393
1.423513
1.418657
1.413824
1.409016
1.404232
1.399473
1.394739
1.390031
1.385349
1.380693
1.376062
1.371459
1.366882
1.362333
1.357811
1.353316
1.348849
1.344411
1.340000
1.335618
1.331265
1.326940
1.322645
1.318379
1.314142
1.309935
1.305757
1.301610
1.297493
1.293406
1.289349
1.285322
1.281327
1.277362
1.273428
1.269525
1.265653
1.261813
1.258003
1.254225
1.250479
1.246764
1.243081
1.239429
1.235809
1.232222
1.228665
1.225141
1.221649
1.218189
1.214761
1.211365
1.208001
1.204669
1.201370
1.198102
1.194867
1.191663
1.188492
1.185353
1.182246
1.179171
1.176129
1.173118
1.170139
1.167192
1.164278
1.161395
1.158543
1.155724
1.152936
1.150180
1.147456
1.144763
1.142101
1.139471
1.136872
1.134304
1.131768
1.129262
1.126788
1.124344
1.121930
1.119548
1.117196
1.114874
1.112582
1.110321
1.108089
1.105888
1.103716
1.101574
1.099461
1.097378
1.095323
1.093298
1.091302
1.089334
1.087395
1.085485
1.083602
1.081748
1.079922
1.078123
1.076352
1.074609
1.072893
1.071203
1.069541
1.067905
1.066296
1.064713
1.063157
1.061626
1.060121
1.058641
1.057187
1.055758
1.054354
1.052975
1.051620
1.050290
1.048984
1.047701
1.046443
1.045208
1.043996
1.042807
1.041641
1.040498
1.039377
1.038278
1.037201
1.036146
1.035112
1.034100
1.033109
1.032138
1.031188
1.030259
1.029349
1.028460
1.027590
1.026740
1.025909
1.025096
1.024303
1.023528
1.022771
1.022032
1.021311
1.020608
1.019922
1.019253
1.018600
1.017965
1.017346
1.016742
1.016155
1.015583
1.015027
1.014486
1.013960
1.013448
1.012951
1.012468
1.011999
1.011544
1.011102
1.010674
1.010258
1.009856
1.009466
1.009088
1.008722
1.008369
1.008026
1.007696
1.007376
1.007067
1.006769
1.006482
1.006205
1.005937
1.005680
1.005432
1.005194
1.004965
1.004744
1.004533
1.004330
1.004135
1.003948
1.003769
1.003598
1.003435
1.003278
1.003129
1.002986
1.002850
1.002721
1.002598
1.002481
1.002370
1.002264
1.002164
1.002069
1.001980
1.001895
1.001816
1.001740
1.001670
1.001603
1.001541
1.001482
1.001428
1.001377
1.001329
1.001285
1.001244
1.001206
1.001170
1.001138
1.001108
1.001080
1.001055
1.001032
1.001011
1.000992
1.000975
1.000959
1.000945
1.000933
1.000922
1.000912
1.000903
1.000896
1.000889
1.000884
1.000879
1.000875
1.000871
1.000868
1.000866
1.000864
1.000862
1.000861
1.000860
1.000859
1.000859
1.000859
1.000858
1.000858
1.000858
1.000858
1.000858
1.000858
1.000858
1.000000
1.000000
1.000000
1.000000
1.000000
1.000000
1.000000
1.000000
1.000000
1.000000
1.000000
1.000000
1.000000
1.000000
1.000000
1.000000
1.000000
1.000000
1.000000
1.000000
1.000000
1.000000
1.000000
1.000000
1.000000
1.000000
1.000000
1.000000
1.000000
1.000000
1.000000
1.000000
1.000000
1.000000
1.000000
1.000000
1.000000
1.000000
1.000000
1.000000
1.000000
1.000000
1.000000
1.000000
1.000000
1.000000
1.000000
1.000000
1.000000
1.000000
1.000000
1.000000
1.000000
1.000000
1.000000
1.000000
1.000000
1.000000
1.000000
1.000000
1.000000
1.000000
1.000000
1.000000
1.000000
1.000000
1.000000
1.000000
1.000000
1.000000
1.000000
1.000000
1.000000
1.000000
1.000000
1.000000
1.000000
1.000000
1.000000
1.000000
1.000000
1.000000
1.000000
1.000000
1.000000
1.000000
1.000000
1.000000
1.000000
1.000000
1.000000
1.000000
1.000000
1.000000
1.000000
1.000000
1.000000
1.000000
1.000000
1.000000
1.000000
1.000000
1.000000
1.000000
1.000000
1.000000
1.000000
1.000000
1.000000
1.000000
1.000000
1.000000
1.000000
1.000000
1.000000
1.000000
1.000000
1.000000
1.000000
1.000000
1.000000
1.000000
1.000000
1.000000
1.000000
