-13.715027,109.121048,71.190830
-15.891522,108.324251,70.728001
-16.370654,108.165907,70.626723
-18.292458,107.386061,70.145029
-18.854905,107.160655,70.003650
-18.977484,107.101912,69.967939
-21.313604,105.997381,69.294470
-21.797286,105.730134,69.135382
-23.746421,104.666680,68.500701
-24.505771,104.178060,68.220233
-26.150401,103.128890,67.617934
-27.233760,102.335736,67.175067
-28.500073,101.416407,66.661785
-29.727076,100.405129,66.110055
-30.796112,99.531293,65.633417
-32.024920,98.400972,65.028802
-33.039185,97.475577,64.533974
-34.158229,96.334894,63.934155
-35.229945,95.251255,63.364585
-36.151744,94.216194,62.828389
-37.369038,92.860295,62.126358
-38.025488,92.052399,61.713345
-39.523955,90.241787,60.777239
-39.831287,89.830795,60.568547
-40.960526,88.300618,59.805805
-41.513395,87.558084,59.431928
-41.659796,87.358908,59.333451
-43.078347,85.237843,58.298900
-43.745600,84.227492,57.814944
-44.563651,82.873093,57.172685
-45.574592,81.173830,56.383022
-45.960700,80.464416,56.059340
-47.061954,78.410627,55.141059
-47.271774,78.023560,54.965846
-47.343222,77.889822,54.906501
-48.489939,75.550836,53.884307
-49.052440,74.386890,53.385706
-49.644773,73.052965,52.822166
-50.702067,70.637946,51.822202
-50.744505,70.532548,51.779110
-50.816996,70.353647,51.705809
-51.798634,67.971230,50.712380
-52.389333,66.474882,50.115848
-52.788966,65.378773,49.683113
-53.303628,63.904271,49.127087
-53.712207,62.756057,48.685223
-54.018235,61.857939,48.355032
-54.570845,60.104852,47.715457
-55.158085,58.157624,47.037507
-55.382569,57.429263,46.778026
-55.586080,56.739224,46.543389
-56.135309,54.728448,45.863743
-56.626586,52.846912,45.257493
-56.851258,52.006957,44.979829
-57.092908,51.062052,44.682023
-57.519082,49.263926,44.117889
-57.844716,47.825222,43.688160
-58.161270,46.497312,43.270338
-58.573695,44.669473,42.724370
-58.769722,43.711636,42.446225
-58.885480,43.098684,42.281423
-59.303658,40.888047,41.687346
-59.687067,38.680751,41.140696
-59.799468,38.034851,40.980823
-60.014300,36.682737,40.674071
-60.242330,35.149167,40.326013
-60.333362,34.474149,40.186451
-60.636524,32.231807,39.723164
-60.854103,30.443203,39.389055
-60.995361,29.285333,39.172940
-61.293546,26.542649,38.714299
-61.318950,26.309750,38.675389
-61.403809,25.426431,38.544644
-61.594781,23.302624,38.229980
-61.635630,22.779095,38.162198
-61.832673,20.265841,37.837212
-61.844274,19.220538,37.818008
-61.848559,17.050020,37.810915
-61.825272,16.023898,37.849465
-61.751264,13.733361,37.971983
-61.709925,12.996268,38.040419
-61.509903,10.285824,38.371445
-61.493654,10.138092,38.398348
-61.443076,9.786669,38.482054
-61.116414,7.531958,38.985163
-60.940949,6.568804,39.255317
-60.624363,5.111729,39.742833
-60.148254,3.271694,40.475817
-60.036505,2.841169,40.636301
-59.929506,2.490162,40.789930
-59.329971,0.717948,41.650828
-58.786159,-0.682762,42.431562
-58.486957,-1.229132,42.831126
-57.607611,-2.520949,44.005259
-57.372557,-2.854504,44.319122
-57.298014,-2.940565,44.418645
-56.123035,-4.350026,45.882285
-55.750407,-4.715448,46.346402
-54.753968,-5.735005,47.504992
-54.163421,-6.417047,48.192354
-53.395874,-7.178453,49.026372
-52.550847,-8.106443,49.946461
-51.999222,-8.623636,50.507319
-50.881898,-9.789915,51.645652
-50.564400,-10.070856,51.947736
-49.156556,-11.466592,53.289930
-49.091892,-11.520483,53.347500
-48.701914,-11.887261,53.695394
-47.571704,-12.968424,54.703331
-47.375455,-13.181052,54.878721
-46.010725,-14.417582,56.017360
-45.538246,-14.906610,56.412405
-44.412982,-15.869904,57.290430
-43.644720,-16.628635,57.891169
-42.684272,-17.239786,58.589616
-41.727765,-17.827465,59.286458
-40.706047,-18.403877,59.980416
-39.701229,-19.519112,60.662269
-39.129563,-20.095213,61.023373
-37.558423,-21.740482,62.012432
-37.521388,-21.775527,62.034073
-37.399970,-21.895126,62.104775
-35.945391,-23.517631,62.952551
-35.368548,-24.193350,63.287476
-34.347529,-25.257250,63.836072
-33.138313,-26.584053,64.483265
-32.721337,-26.987707,64.689013
-31.556131,-28.179157,65.261675
-31.045299,-28.687911,65.512876
-30.875967,-28.859984,65.596104
-29.279472,-30.321010,66.313769
-28.589396,-30.965950,66.623817
-27.450716,-31.917714,67.089293
-26.262278,-32.933228,67.574856
-25.550701,-33.472545,67.837751
-23.973678,-34.795275,68.421575
-23.623339,-35.023647,68.536337
-21.390114,-36.572965,69.270917
-21.157980,-36.709137,69.337618
-18.785833,-38.197474,70.022253
-18.551035,-38.319187,70.080395
-16.160311,-39.653046,70.675233
-15.761793,-39.831120,70.758292
-13.512948,-40.921686,71.229458
-12.731407,-41.212156,71.362097
-10.843055,-41.982753,71.684469
-9.371532,-42.413085,71.877975
-8.149839,-42.812447,72.039737
-5.543196,-43.356495,72.284168
-5.432381,-43.383188,72.294649
-5.234300,-43.406952,72.305845
-2.723367,-43.707812,72.447114
-0.653053,-43.669991,72.487318
0.000000,-43.679811,72.500000
0.686549,-43.655567,72.486867
2.685134,-43.658178,72.448634
4.724379,-43.393521,72.335510
5.342341,-43.314056,72.301450
5.794390,-43.206586,72.260295
7.953299,-42.761336,72.061757
9.841504,-42.173494,71.819643
10.556850,-41.974515,71.727185
12.429488,-41.263722,71.416579
13.151274,-40.997814,71.297133
13.379924,-40.889426,71.250852
15.735234,-39.865772,70.771152
16.553404,-39.426704,70.573997
18.309371,-38.555067,70.148491
19.493132,-37.850559,69.817021
20.872855,-37.085834,69.428689
22.253512,-36.188362,68.987493
23.424976,-35.475293,68.611352
24.812920,-34.348943,68.111075
25.756687,-33.613856,67.769410
27.181824,-32.366428,67.200752
28.018695,-31.623174,66.866081
29.390437,-30.243144,66.265153
30.185022,-29.565387,65.917025
31.644628,-28.161837,65.219962
32.315708,-27.607557,64.899442
33.925688,-26.114914,64.064824
34.410779,-25.724367,63.813328
36.219165,-24.096507,62.799465
36.470254,-23.898386,62.658681
38.337593,-22.256841,61.530113
38.494142,-22.120143,61.435500
38.513042,-22.101831,61.423223
40.482426,-20.415796,60.143804
40.789528,-20.124909,59.929897
42.435147,-18.737583,58.783572
42.926441,-18.103597,58.415991
44.370505,-16.299226,57.335449
44.663635,-15.899461,57.100759
46.250230,-13.802314,55.830353
46.334035,-13.681631,55.758592
48.102891,-12.609529,54.242930
48.906525,-11.986632,53.506498
49.903642,-11.172688,52.591512
51.019036,-10.055704,51.497361
51.651025,-9.391280,50.876442
52.798541,-7.951525,49.671557
53.344948,-7.233164,49.096822
54.330697,-5.716379,47.988865
54.985309,-4.662072,47.251640
55.675384,-3.379822,46.421168
56.571992,-1.636927,45.339747
56.875724,-0.963143,44.948216
57.583240,0.678596,44.033915
57.960083,1.516540,43.547273
58.104421,1.851124,43.360417
59.203118,3.759901,41.834612
59.530065,4.307863,41.379651
60.428140,5.962558,40.041353
60.957768,8.740965,39.244888
60.964867,8.778609,39.234311
60.980345,8.879888,39.210865
61.397798,11.670975,38.540307
61.508614,12.622731,38.358622
61.593441,14.734822,38.220366
61.620718,16.036511,38.176301
61.638058,17.915929,38.147776
61.625052,19.288390,38.169160
61.583713,21.187304,38.235895
61.535284,22.399074,38.314723
61.421281,24.557150,38.499249
61.362844,25.385882,38.594189
61.140496,28.034698,38.954179
61.117368,28.263410,38.991713
61.028419,29.036081,39.135698
60.785378,31.031394,39.500627
60.701996,31.639270,39.625549
60.381874,33.705857,40.105850
60.095367,35.382351,40.534926
59.961454,36.341565,40.734962
59.618200,38.621910,41.251639
59.560453,38.979657,41.331712
59.531381,39.135971,41.372262
59.090834,41.578781,41.985226
58.826044,42.958527,42.354941
58.603478,44.153863,42.664969
58.141547,46.486223,43.310626
58.096802,46.696504,43.368479
58.069217,46.818098,43.404252
57.559947,49.129799,44.063444
57.186321,50.720942,44.548472
57.001505,51.531008,44.787965
56.703376,52.757247,45.175392
56.408716,53.898098,45.532446
56.190037,54.693797,45.798128
55.779004,56.229535,46.296748
55.206278,58.240816,46.993305
55.120521,58.524348,47.090621
55.046589,58.754362,47.174719
54.411242,60.779662,47.896494
53.680807,62.901236,48.726099
53.640012,63.022526,48.772500
53.590642,63.163704,48.828503
52.822643,65.239181,49.643863
52.100246,67.117382,50.408804
51.982631,67.430073,50.533511
51.853837,67.759394,50.669717
51.095123,69.592547,51.420673
50.302451,71.434966,52.203286
50.181723,71.735596,52.322777
50.048183,72.052231,52.453959
49.228138,73.899951,53.211504
48.358503,75.766582,54.009089
48.239679,76.029836,54.118431
48.122601,76.276744,54.225401
47.197857,78.128512,55.019470
46.141968,80.141835,55.919958
46.116276,80.188333,55.940536
46.080735,80.249014,55.968922
45.034054,82.079331,56.804394
44.340987,83.262782,57.358406
43.918919,83.944902,57.673998
43.205863,85.069991,58.207926
42.762679,85.785891,58.539598
42.490880,86.214302,58.743297
41.515486,87.599523,59.423831
40.555459,88.935445,60.094558
40.212435,89.381256,60.317807
39.443070,90.360598,60.819207
38.854739,91.123946,61.202463
38.583630,91.468303,61.379310
37.436217,92.823960,62.074839
36.575352,93.819149,62.597372
35.959225,94.479474,62.943927
34.530444,95.976840,63.748652
34.417306,96.086336,63.807512
34.009629,96.471364,64.019405
32.722823,97.703392,64.688718
32.333205,98.072203,64.890713
30.960227,99.276499,65.546308
30.093400,100.027979,65.958845
29.125636,100.802279,66.381093
27.817800,101.836091,66.949781
27.211706,102.276183,67.190099
25.506488,103.498927,67.863861
25.210122,103.693061,67.969962
23.159548,105.018825,68.701421
23.102659,105.050149,68.719460
20.600892,106.428674,69.509976
20.495107,106.478995,69.539334
18.030257,107.652489,70.220853
17.697695,107.785985,70.300154
15.447763,108.690020,70.834514
14.669880,108.944987,70.989987
12.895437,109.522524,71.343864
11.420896,109.907860,71.583348
10.346043,110.199756,71.757917
7.909433,110.705207,72.064498
7.781802,110.732924,72.080557
7.500142,110.776031,72.105809
5.202715,111.142187,72.311784
4.009342,111.257845,72.376108
2.608781,111.405353,72.451599
0.465405,111.497229,72.491365
0.000000,111.520849,72.500000
-0.459653,111.492954,72.490880
-2.778779,111.375039,72.444868
-4.492856,111.174092,72.346475
-5.539671,111.056709,72.286385
-7.366069,110.730011,72.112045
-8.282676,110.573216,72.024551
-8.731716,110.465485,71.964376
-11.007795,109.933329,71.659366
-12.479599,109.487326,71.404643
-13.715027,109.121048,71.190830
