-19.893131,84.090482,69.716038
-21.070594,83.469034,69.358336
-22.322823,82.822835,68.977834
-23.946449,81.864352,68.418771
-24.804460,81.349301,68.123221
-26.740301,80.023221,67.378764
-27.243826,79.672761,67.185054
-29.276381,78.077964,66.318698
-29.640910,77.787527,66.163263
-31.598862,76.045963,65.244134
-31.995704,75.687696,65.057774
-33.742605,73.940935,64.159464
-34.308194,73.367141,63.868512
-35.735491,71.773848,63.068197
-36.578371,70.819499,62.595398
-37.600079,69.553581,61.973176
-38.806223,68.038160,61.238350
-39.354825,67.287394,60.876723
-40.991737,65.016254,59.797284
-41.014968,64.981285,59.780758
-41.077914,64.887896,59.735934
-42.604016,62.638604,58.649652
-43.165382,61.780683,58.249459
-44.074904,60.219414,57.551058
-45.123784,58.342681,56.744435
-45.436882,57.738955,56.487019
-46.043945,56.518242,55.987123
-46.697347,55.217689,55.449357
-47.026599,54.534196,55.177932
-47.866893,52.659079,54.437794
-48.873896,50.313956,53.549285
-48.971537,50.069809,53.457269
-49.096860,49.742530,53.338951
-49.988415,47.445796,52.497891
-50.665847,45.622838,51.857627
-50.952680,44.795483,51.568162
-51.254157,43.886267,51.263312
-51.850172,42.116584,50.661206
-52.406822,40.303717,50.097570
-52.667476,39.400021,49.815888
-52.861129,38.658887,49.606029
-53.396855,36.637620,49.026408
-54.040028,33.944690,48.328442
-54.066401,33.836016,48.299876
-54.106340,33.652259,48.256474
-54.650774,30.990656,47.625386
-54.902942,29.601259,47.332000
-55.179609,28.108380,47.010939
-55.611052,25.461341,46.508235
-55.656247,25.190504,46.455732
-55.766851,24.428884,46.326664
-56.067276,22.234913,45.953067
-56.149946,21.529185,45.849717
-56.367169,19.218668,45.578422
-56.462929,17.844365,45.459209
-56.546278,16.122014,45.355028
-56.476507,14.582587,45.442035
-56.274271,12.698293,45.694025
-56.146999,11.803584,45.852666
-55.760616,10.015576,46.334113
-55.610170,9.305165,46.509143
-55.498387,8.927700,46.639159
-54.878006,7.048396,47.360812
-54.151582,5.362095,48.205655
-53.994254,4.986998,48.376544
-53.744377,4.519310,48.647913
-52.944510,3.105071,49.516628
-52.483921,2.450157,50.016790
-51.752497,1.374122,50.758731
-50.756931,0.184518,51.768477
-50.426966,-0.224776,52.081113
-49.011723,-1.208376,53.423129
-48.703586,-1.385854,53.696058
-47.217959,-2.347167,55.014225
-46.898115,-2.516553,55.279252
-45.366683,-3.435478,56.550405
-45.003066,-3.611360,56.832168
-43.457733,-4.466816,58.031670
-43.070549,-4.734894,58.311186
-41.538375,-5.772914,59.419372
-41.191596,-5.994486,59.653141
-39.581567,-7.000381,60.740539
-39.231192,-7.206461,60.960592
-37.587265,-8.151198,61.995027
-37.184552,-8.368622,62.230061
-35.555421,-9.227281,63.182698
-35.046593,-9.478634,63.457853
-33.485993,-10.230483,64.303416
-32.811908,-10.534014,64.640038
-31.286637,-11.490378,65.401282
-30.701346,-11.826829,65.669432
-29.005078,-12.828679,66.444010
-28.522090,-13.089245,66.645473
-26.683946,-14.109281,67.409555
-26.269398,-14.318533,67.566053
-24.323356,-15.330234,68.298048
-23.694101,-15.458514,68.508590
-21.680494,-16.015742,69.180470
-19.885650,-16.365487,69.706189
-19.022158,-16.601780,69.958333
-17.206690,-16.936718,70.415447
-16.347727,-17.115222,70.632083
-15.879961,-17.173341,70.731459
-13.655713,-17.614897,71.202217
-11.594269,-17.835735,71.557630
-10.949945,-17.956577,71.668219
-9.952341,-18.042882,71.800803
-8.227662,-18.248105,72.030861
-6.903414,-18.281329,72.156775
-5.490745,-18.421176,72.290159
-3.846058,-18.412284,72.383226
-2.739980,-18.450272,72.446436
-1.573420,-18.377492,72.469445
0.000000,-18.473200,72.500000
1.710238,-18.373303,72.467284
2.685134,-18.435720,72.448634
3.434043,-18.408279,72.407089
5.354102,-18.424619,72.300576
7.330341,-18.226116,72.118247
8.006903,-18.204654,72.055827
8.736830,-18.109744,71.961302
10.643537,-17.932930,71.714386
12.098715,-17.643593,71.471085
13.264005,-17.501249,71.276252
14.985758,-17.125326,70.922670
15.868307,-16.959500,70.741427
16.374065,-16.812102,70.618020
18.456441,-16.379067,70.109910
20.317111,-15.816713,69.583094
21.028410,-15.656752,69.381702
22.513536,-15.194048,68.902368
23.584211,-14.883868,68.556801
24.036004,-14.674129,68.392821
25.821636,-13.958373,67.744719
27.506386,-13.151586,67.070888
28.023503,-12.935414,66.864062
28.980930,-12.463315,66.444537
30.189814,-11.912234,65.914829
30.800726,-11.583546,65.623012
32.320567,-10.866254,64.897022
33.937222,-9.975445,64.058769
34.415764,-9.742122,63.810640
35.434496,-9.167562,63.239379
36.475404,-8.615630,62.655682
36.933593,-8.334445,62.378712
38.498485,-8.088989,61.432778
39.680601,-7.905276,60.664724
40.485778,-7.789414,60.141547
41.557410,-7.637093,59.394975
42.437511,-7.427191,58.781865
43.965907,-6.474483,57.637063
44.421428,-6.183933,57.295857
44.588288,-6.075283,57.161886
46.346410,-4.725041,55.750401
46.999163,-4.212490,55.188978
48.212499,-3.083274,54.145490
49.112919,-2.225201,53.316212
50.019655,-1.193346,52.481190
50.946672,-0.111492,51.567163
51.767821,1.045298,50.757600
52.517894,2.130603,49.965894
53.456900,3.796028,48.974881
53.844422,4.503091,48.536969
54.638854,6.319256,47.639355
54.933017,7.012086,47.306969
55.086621,7.488847,47.133435
55.769135,9.671984,46.307568
55.882531,11.238903,46.170622
55.962686,12.761098,46.073454
56.032289,14.691283,45.989590
56.050594,15.923109,45.967277
56.047277,17.958690,45.971601
56.017739,19.168368,46.007103
55.940628,21.059296,46.100539
55.845996,22.509284,46.214589
55.723810,24.008973,46.362335
55.513449,25.960863,46.615921
55.406880,26.821638,46.744646
55.012819,29.413334,47.219591
54.997749,29.508970,47.236585
54.991475,29.542190,47.243646
54.473526,32.063313,47.827301
54.190208,33.309482,48.146903
53.908391,34.503559,48.464085
53.431985,36.399191,49.002106
53.300706,36.892875,49.140358
53.208250,37.219909,49.238039
52.625454,39.217743,49.852630
51.992071,41.267001,50.522576
51.923206,41.508119,50.595298
51.826273,41.827761,50.697922
51.193474,43.799220,51.323256
50.657050,45.374930,51.854624
50.431488,46.053393,52.077767
50.157063,46.831674,52.349885
49.620836,48.268164,52.846268
49.092243,49.604446,53.336664
48.767948,50.442304,53.637188
48.429193,51.268151,53.951788
47.862072,52.573465,54.443460
47.211557,53.967180,55.007349
46.877941,54.696189,55.296880
46.558438,55.369109,55.573481
45.846640,56.789466,56.149783
44.996842,58.424041,56.836172
44.778103,58.852750,57.013038
44.589978,59.208042,57.164791
43.653034,60.883571,57.871167
42.563149,62.761731,58.690955
42.487845,62.878802,58.743687
42.362522,63.066279,58.831253
41.228717,64.790118,59.624108
40.530010,65.811872,60.111660
39.916395,66.656582,60.511010
38.705835,68.258648,61.297201
38.545032,68.474650,61.401707
38.461480,68.582488,61.455894
37.095566,70.235875,62.279847
36.389859,71.061229,62.705386
35.617735,71.904249,63.136741
34.341567,73.275887,63.850599
34.084628,73.532969,63.983325
33.227166,74.377176,64.426834
32.484557,75.116344,64.810821
32.256894,75.339259,64.928693
30.811735,76.650641,65.617121
30.135808,77.253684,65.939534
29.066554,78.134302,66.406790
27.978222,79.015018,66.883017
27.241663,79.562717,67.176820
25.784115,80.626884,67.759007
25.328788,80.930699,67.923828
23.553463,82.092793,68.567370
23.270134,82.255482,68.658627
21.025206,83.538471,69.382673
20.713888,83.691887,69.470753
18.456440,84.778339,70.109911
17.915079,85.000714,70.242005
15.868305,85.857586,70.741428
14.918876,86.188447,70.936405
13.264004,86.777472,71.276253
11.684039,87.229510,71.540417
10.643536,87.534505,71.714386
8.156835,88.090576,72.036411
8.006902,88.125090,72.055827
7.660910,88.180796,72.087749
5.354101,88.563216,72.300577
4.184792,88.678064,72.365443
2.685134,88.833710,72.448634
0.424140,88.916288,72.491886
0.000000,88.934404,72.500000
-0.355295,88.920839,72.493607
-2.534344,88.854559,72.454397
-4.331132,88.682999,72.360306
-5.055059,88.617429,72.322396
-6.138814,88.448487,72.227988
-7.562144,88.235670,72.103998
-8.377257,88.059313,72.004360
-10.055600,87.705912,71.799202
-11.982512,87.170883,71.495230
-12.535427,87.020781,71.408007
-14.149106,86.474007,71.095510
-15.001624,86.188654,70.930415
-15.258688,86.084885,70.871301
-17.454192,85.214258,70.366425
-18.264493,84.836837,70.150344
-19.893131,84.090482,69.716038
