-13.824463,137.355325,71.169657
-15.359622,136.781093,70.840485
-16.526800,136.354332,70.590367
-18.508972,135.463343,70.085494
-19.199717,135.156356,69.909754
-21.387733,133.998700,69.263408
-21.853339,133.754896,69.126012
-24.050234,132.416774,68.386427
-24.487727,132.152858,68.239293
-26.698021,130.650850,67.402453
-26.781807,130.594228,67.370755
-27.637659,129.940489,67.013788
-29.035816,128.876957,66.430586
-29.156545,128.773860,66.375377
-31.249767,126.995722,65.418905
-31.432577,126.822807,65.327761
-33.423697,124.949038,64.335821
-33.557130,124.810169,64.263586
-35.464537,122.834878,63.231812
-35.551722,122.744828,63.184648
-35.557665,122.738720,63.181436
-37.425281,120.631264,62.088285
-37.659317,120.372006,61.951233
-39.247974,118.436362,60.947312
-39.785309,117.771661,60.607134
-40.954185,116.190124,59.810908
-41.872589,114.928768,59.184130
-42.560882,113.899666,58.679987
-43.921037,111.835727,57.681819
-44.084487,111.563866,57.553152
-44.617234,110.662128,57.133002
-45.531636,109.131350,56.412162
-45.802012,108.670923,56.198625
-46.890658,106.667890,55.281900
-47.629782,105.284542,54.658300
-48.178039,104.177685,54.165303
-49.397854,101.672611,53.066234
-49.402365,101.663476,53.062171
-49.404319,101.659453,53.060409
-50.548525,99.124429,51.960397
-51.117536,97.890445,51.412453
-51.659921,96.617259,50.855837
-52.599118,94.330555,49.890734
-52.704347,94.079266,49.782654
-52.762559,93.935172,49.722785
-53.669938,91.510777,48.728254
-54.354539,89.613800,47.976834
-54.587526,88.917675,47.704257
-54.872471,88.034240,47.370387
-55.445502,86.299935,46.699414
-55.893412,84.894098,46.174142
-56.258462,83.660832,45.717702
-56.640873,82.320183,45.238765
-57.026959,81.001654,44.755609
-57.379014,79.754730,44.314305
-57.754792,78.323990,43.811866
-58.097665,76.969110,43.352601
-58.452312,75.640916,42.876769
-58.788857,74.389224,42.427818
-59.140195,72.945266,41.922396
-59.449958,71.609362,41.478071
-59.777684,70.232193,41.007243
-60.134481,68.659245,40.496158
-60.376961,67.499089,40.122319
-60.560746,66.575295,39.839892
-60.935002,64.746904,39.263678
-61.408222,62.318651,38.537508
-61.469397,61.977352,38.436176
-61.509624,61.741259,38.369786
-61.957940,59.190452,37.628224
-62.309423,57.087093,37.049006
-62.429915,56.388227,36.849982
-62.610226,55.288495,36.553282
-62.868773,53.570811,36.092517
-63.013573,52.557470,35.835553
-63.282335,50.739244,35.357287
-63.621990,48.182529,34.755013
-63.665544,47.866987,34.677635
-63.748914,47.212996,34.529951
-64.010369,44.975123,34.026882
-64.117504,43.977111,33.821434
-64.331953,42.065138,33.409193
-64.558566,39.863072,32.975083
-64.636626,39.138115,32.825164
-64.825949,37.218900,32.462873
-64.918249,36.194634,32.270161
-64.947868,35.833468,32.208582
-65.183111,33.230265,31.719832
-65.286048,31.951730,31.504548
-65.424519,30.239411,31.216491
-65.571335,28.177364,30.908817
-65.639761,27.221188,30.766302
-65.808643,24.500625,30.411630
-65.828940,24.175603,30.369311
-65.919247,21.297232,30.180172
-65.926522,21.050688,30.163564
-65.926785,21.025296,30.162965
-65.938036,17.833933,30.137278
-65.937107,17.771986,30.139399
-65.919247,16.965761,30.180172
-65.865761,14.695159,30.292193
-65.860235,14.519194,30.303767
-65.721268,11.769839,30.594818
-65.681791,11.098133,30.677498
-65.517421,8.969663,31.021753
-65.396691,7.562860,31.274608
-65.263316,6.275452,31.553946
-64.901889,4.122584,32.310793
-64.860714,3.881238,32.390248
-64.829088,3.727157,32.451260
-64.346192,1.660069,33.382966
-63.814095,-0.295999,34.409357
-63.772116,-0.448570,34.484249
-63.718881,-0.616285,34.579199
-63.094958,-2.428052,35.692141
-62.658162,-3.545507,36.471145
-62.353372,-4.319689,36.975484
-61.760303,-5.653839,37.956675
-61.537960,-6.127401,38.324547
-61.433794,-6.325758,38.496864
-60.631060,-7.849383,39.732412
-60.141005,-8.683781,40.486583
-59.656216,-9.508881,41.182478
-58.779685,-10.851142,42.440530
-58.562222,-11.049905,42.730843
-57.960893,-12.005068,43.534657
-57.600110,-12.882633,44.016736
-57.333804,-13.539229,44.372632
-56.738349,-14.892741,45.116235
-55.913086,-16.794704,46.146979
-55.867629,-16.904853,46.203750
-55.832333,-16.991642,46.247838
-54.975870,-18.931093,47.248062
-54.274281,-20.543740,48.067541
-54.077683,-20.959678,48.282322
-53.806201,-21.542875,48.578959
-53.164130,-23.001422,49.280477
-52.659635,-24.166254,49.831766
-52.242547,-25.051035,50.258169
-51.698283,-26.224973,50.814671
-51.312316,-27.111957,51.209289
-50.988409,-27.869772,51.540511
-50.373828,-29.187746,52.128521
-49.683995,-30.795320,52.788395
-49.463722,-31.340599,52.999161
-49.247959,-31.875990,53.205489
-48.543131,-33.507941,53.836312
-47.791004,-35.253652,54.509075
-47.619236,-35.679923,54.662764
-47.442753,-36.119044,54.820575
-46.687572,-37.870090,55.452470
-45.917772,-39.659814,56.096213
-45.755518,-40.066390,56.231940
-45.579310,-40.509212,56.379246
-44.819988,-42.284513,56.973039
-44.086112,-44.005407,57.546577
-43.887579,-44.512236,57.701786
-43.657452,-45.101624,57.881576
-42.945678,-46.782217,58.398863
-42.339302,-48.252091,58.839256
-42.022709,-49.088734,59.069277
-41.641287,-50.026387,59.347122
-41.082030,-51.288516,59.724983
-40.543771,-52.544918,60.090579
-40.155630,-53.523223,60.353769
-39.689187,-54.714321,60.670241
-39.234736,-55.789891,60.956926
-38.841333,-56.733461,61.205248
-38.309356,-58.061005,61.540927
-37.662756,-59.697242,61.949187
-37.387481,-60.340727,62.110358
-37.151343,-60.900648,62.248700
-36.455571,-62.622524,62.656180
-35.598842,-64.774705,63.158249
-35.536717,-64.918317,63.191906
-35.483979,-65.042116,63.220497
-34.601059,-67.213138,63.698976
-33.819302,-69.166735,64.122918
-33.683024,-69.525064,64.196792
-33.479110,-70.077079,64.306996
-32.739572,-71.922964,64.676780
-32.229885,-73.198655,64.929917
-31.802998,-74.331639,65.142786
-31.132513,-76.116393,65.474767
-30.872532,-76.751099,65.593370
-30.692566,-77.191836,65.674886
-29.933416,-79.173596,66.020213
-29.172943,-81.165490,66.363550
-29.013155,-81.614723,66.436029
-28.735885,-82.397076,66.560798
-28.088034,-84.061736,66.828158
-27.679265,-85.116132,66.995504
-27.174545,-86.524422,67.203168
-26.286902,-89.011573,67.565272
-26.286840,-89.011752,67.565298
-26.286732,-89.012064,67.565342
-25.357660,-91.434254,67.909003
-24.778789,-93.004805,68.124015
-24.486901,-93.822181,68.231817
-24.046101,-95.082197,68.396150
-23.540592,-96.292591,68.562078
-23.188783,-97.177289,68.678667
-22.530057,-98.856613,68.895667
-21.573486,-101.423750,69.213966
-21.563498,-101.446920,69.216855
-21.556362,-101.464390,69.218941
-20.534641,-104.003711,69.515637
-19.856790,-105.786755,69.714669
-19.556223,-106.590461,69.802296
-19.089919,-107.914405,69.939845
-18.567870,-109.173179,70.071311
-18.219767,-110.067496,70.160063
-17.574922,-111.754870,70.323177
-16.668163,-114.293191,70.555585
-16.640798,-114.371374,70.562538
-16.590156,-114.509841,70.575492
-15.532338,-116.942696,70.803117
-14.843853,-118.608396,70.951267
-14.465914,-119.539195,71.032593
-13.871407,-121.083580,71.160520
-13.379827,-122.125988,71.246600
-13.029480,-122.912759,71.307949
-12.252893,-124.691069,71.443936
-11.216750,-127.212246,71.625373
-11.187306,-127.293233,71.630556
-11.130034,-127.450243,71.640475
-10.034435,-129.874030,71.789767
-9.278704,-131.540367,71.890973
-8.878135,-132.453309,71.945170
-8.269517,-133.835646,72.026055
-7.609666,-134.967755,72.089456
-6.953678,-136.089254,72.151232
-6.207838,-137.404950,72.222183
-5.460753,-138.782389,72.292481
-4.679911,-139.723550,72.336663
-3.190215,-141.532178,72.420954
-2.899959,-141.895103,72.437377
-2.738947,-142.097967,72.446487
-0.248596,-143.557751,72.495143
-0.000000,-143.704998,72.500000
0.280252,-143.565170,72.495060
2.485488,-142.520783,72.456185
3.076530,-141.876620,72.425830
4.958109,-139.898831,72.329193
5.053224,-139.741024,72.321066
5.199930,-139.505108,72.308531
6.564469,-137.351902,72.191941
7.480132,-135.833704,72.112554
7.940242,-134.811427,72.057426
8.331973,-133.975492,72.009323
9.187963,-132.202272,71.905484
10.140287,-130.302886,71.787269
10.426568,-129.589227,71.742233
10.630391,-129.098489,71.709493
11.560738,-126.920428,71.561721
12.671281,-124.404557,71.381828
12.728214,-124.272936,71.372653
12.798160,-124.117161,71.361381
13.734392,-121.581737,71.176131
14.378405,-119.898127,71.048701
14.771166,-118.907143,70.970986
15.314260,-117.581350,70.863525
15.786326,-116.222437,70.752585
16.085532,-115.387804,70.682268
16.775469,-113.525401,70.520126
17.816154,-110.973812,70.275548
17.851325,-110.873508,70.265961
17.874982,-110.809914,70.259512
18.882356,-108.200594,69.984912
19.698985,-106.197367,69.762297
19.968443,-105.557518,69.688845
20.303960,-104.800037,69.597380
21.038002,-102.907820,69.369374
21.603548,-101.518034,69.193699
22.126404,-100.269462,69.031288
22.777227,-98.783363,68.829121
23.189045,-97.602036,68.684864
23.497604,-96.752452,68.576775
24.194496,-94.881774,68.332655
25.090116,-92.568575,68.018911
25.226718,-92.176265,67.965902
25.330761,-91.888327,67.925527
26.227762,-89.462066,67.577441
27.050641,-87.196566,67.257247
27.207550,-86.778100,67.196365
27.424870,-86.216699,67.111637
28.170489,-84.091885,66.792680
28.692089,-82.650210,66.568498
29.146459,-81.401918,66.373424
29.741085,-79.858236,66.118408
30.138528,-78.709297,65.931371
30.451652,-77.851557,65.784170
31.141777,-76.028551,65.459555
31.972790,-73.939614,65.069052
32.178349,-73.368327,64.963581
32.352893,-72.905709,64.874109
33.206847,-70.711726,64.436151
34.167064,-68.351305,63.944136
34.269232,-68.075292,63.887217
34.361579,-67.836174,63.835815
35.313217,-65.438066,63.305877
36.309691,-62.966365,62.751746
36.371420,-62.797367,62.714539
36.431116,-62.643245,62.678627
37.423001,-60.163275,62.081362
38.400745,-57.847447,61.493686
38.513915,-57.553229,61.420199
38.634846,-57.254695,61.341813
39.594920,-54.947900,60.718984
40.456431,-52.975477,60.161035
40.702187,-52.360796,59.989578
40.988146,-51.677977,59.790404
41.802168,-49.778922,59.223002
42.476068,-48.273847,58.754008
42.901834,-47.189196,58.434770
43.433928,-45.864288,58.036428
43.969113,-44.568353,57.635501
44.377002,-43.601718,57.330393
45.019989,-41.948969,56.815231
45.978593,-39.748331,56.048000
46.138271,-39.392041,55.920174
46.241126,-39.169171,55.837877
47.227735,-36.835939,54.993170
48.059673,-34.923817,54.281245
48.314743,-34.285132,54.047773
48.690789,-33.369323,53.703746
49.363320,-31.728588,53.088433
49.827166,-30.660439,52.663987
50.406778,-29.182390,52.097195
51.321398,-26.974950,51.202674
51.463038,-26.654360,51.064154
51.541463,-26.485071,50.987447
52.524109,-24.151362,49.960415
53.199804,-22.618118,49.254105
53.584744,-21.658993,48.824114
54.303141,-19.945826,48.021530
54.640188,-19.179036,47.645003
54.806360,-18.950856,47.459186
56.023496,-16.879366,46.004639
56.396819,-16.199453,45.557557
57.194938,-14.451245,44.536030
57.936456,-12.714308,43.584587
58.247192,-11.975145,43.157077
59.109724,-10.030320,41.967436
59.312099,-9.586754,41.688481
59.378924,-9.447231,41.596151
60.345885,-7.214980,40.166227
60.747558,-6.329992,39.570795
61.353314,-4.853191,38.607509
62.043793,-3.243727,37.506732
62.331665,-2.500354,37.013131
63.267710,-0.185398,35.403944
63.278575,-0.155578,35.383794
63.315627,-0.058038,35.314894
64.181713,2.177701,33.705281
64.459742,3.702498,33.183948
64.677641,4.933533,32.745197
64.780619,5.644673,32.534321
65.085244,7.770780,31.917767
65.294896,9.628053,31.484622
65.413810,10.696245,31.242877
65.628397,13.294057,30.794937
65.662312,13.712620,30.725792
65.824072,16.715424,30.383417
65.829681,16.822711,30.371993
65.912674,19.944245,30.191451
65.911529,20.030778,30.193825
65.829004,23.036288,30.367063
65.816971,23.357815,30.392136
65.680931,26.010837,30.676998
65.633273,26.783649,30.776353
65.475652,28.881210,31.105967
65.352210,30.317255,31.363283
65.253527,31.698531,31.568098
65.081280,33.891492,31.930287
65.035562,34.496722,32.025443
64.866594,36.537179,32.381523
64.800143,37.271429,32.508184
64.778015,37.495709,32.550815
64.537199,40.022702,33.011023
64.421530,41.138589,33.234350
64.260117,42.748682,33.543618
64.035379,44.813870,33.978470
63.968500,45.448563,34.106941
63.770971,47.086686,34.489150
63.636013,48.118038,34.727679
63.578089,48.531625,34.830505
63.275758,50.766121,35.365545
63.055004,52.291487,35.757891
62.901199,53.390827,36.030437
62.542153,55.791485,36.669326
62.509831,55.991451,36.722097
62.493462,56.086414,36.748922
62.078633,58.569055,37.427042
61.834599,59.939173,37.827419
61.630484,61.120669,38.161498
61.228344,63.305321,38.822029
61.160876,63.645633,38.924103
61.120467,63.837306,38.985435
60.668748,66.186192,39.670147
60.349186,67.738265,40.154948
60.159990,68.704190,40.441817
59.744305,70.615007,41.068777
59.592351,71.270976,41.282629
59.508680,71.608855,41.399136
58.989408,73.822589,42.126953
58.567512,75.503414,42.712082
58.365997,76.351470,42.993379
57.979862,77.868490,43.526784
57.719285,78.812411,43.863097
57.536784,79.438468,44.096525
57.049747,81.182166,44.722624
56.388875,83.420959,45.564615
56.359360,83.525358,45.602406
56.315450,83.672192,45.658132
55.629521,85.845873,46.477266
55.085062,87.478672,47.122032
54.874455,88.136839,47.372549
54.594600,88.963744,47.702684
54.081382,90.400053,48.272318
53.600479,91.646091,48.804415
53.290265,92.476432,49.147373
52.991782,93.254701,49.477911
52.470625,94.536617,50.018324
51.869490,95.976924,50.642673
51.626811,96.577471,50.894531
51.407125,97.106665,51.122895
50.749346,98.600942,51.763208
49.938252,100.394379,52.554003
49.848936,100.604114,52.640999
49.771913,100.778972,52.716218
48.918826,102.608372,53.495534
48.095498,104.315170,54.249569
47.959122,104.582244,54.366386
47.763119,104.953264,54.534689
46.953232,106.530439,55.229398
46.366647,107.633707,55.733787
45.908732,108.446661,56.101959
45.193109,109.667148,56.677423
44.783016,110.387539,57.007493
44.489212,110.888062,57.243441
43.610132,112.302569,57.904427
42.523862,113.997391,58.719426
42.389267,114.186263,58.813484
42.133601,114.538489,58.991778
41.055221,116.056461,59.744346
40.466448,116.869778,60.154375
39.673498,117.892284,60.668926
38.372196,119.538420,61.511596
38.242308,119.691346,61.589754
37.926248,120.056243,61.779544
36.744602,121.447279,62.489532
36.240947,122.028393,62.791525
35.183514,123.158338,63.378816
34.073087,124.320708,63.994266
33.555075,124.820796,64.259249
31.975686,126.324674,65.067636
31.916476,126.376582,65.095462
31.649999,126.609414,65.221113
30.204773,127.887597,65.902146
29.874003,128.179125,66.058533
28.420815,129.351564,66.686731
27.735091,129.902800,66.984169
26.558545,130.764109,67.448423
25.558778,131.493196,67.844295
24.609439,132.119816,68.184228
23.344964,132.951047,68.638629
22.396322,133.468593,68.941049
20.856670,134.320885,69.433568
19.776047,134.837214,69.736561
18.349875,135.529416,70.137903
16.974847,136.093495,70.471256
15.824414,136.573612,70.751257
13.955648,137.214278,71.134215
13.264004,137.466933,71.276253
10.675098,138.228539,71.709109
10.643536,138.238016,71.714386
10.548900,138.259739,71.726641
8.006902,138.861086,72.055827
7.037931,139.024019,72.145225
5.354101,139.315831,72.300577
2.987832,139.564942,72.431842
2.685134,139.598252,72.448634
2.219658,139.617985,72.457539
0.000000,139.735934,72.500000
-2.039522,139.636029,72.459181
-2.801536,139.606029,72.443930
-3.408373,139.538692,72.408812
-5.584751,139.311912,72.282861
-7.918846,138.901138,72.058249
-8.349644,138.828498,72.016793
-9.254073,138.610880,71.894602
-11.096214,138.179367,71.645724
-11.841763,137.949405,71.515629
-13.824463,137.355325,71.169657
