-0.551298,69.415949,72.490038
0.000000,69.437789,72.500000
0.657325,69.407391,72.487573
2.664911,69.345392,72.449427
4.019364,69.216192,72.374675
5.315545,69.090648,72.303461
7.853648,68.678587,72.071006
7.948779,68.663707,72.062281
7.990653,68.654338,72.056886
10.564738,68.073899,71.726037
11.491086,67.801685,71.572156
13.163337,67.307105,71.294913
14.677698,66.754083,70.986201
15.744610,66.362279,70.769081
17.607452,65.546826,70.318162
18.308590,65.238364,70.148713
20.324345,64.207169,69.582825
20.855311,63.934297,69.433985
22.862897,62.756502,68.791791
23.384808,62.449005,68.625073
24.921171,61.368752,68.072311
25.616792,60.871317,67.822400
26.795567,59.958343,67.354850
27.851941,59.105972,66.935637
28.617395,58.441241,66.602523
30.097643,57.101588,65.956921
30.348971,56.857772,65.837348
31.065909,56.133760,65.495510
31.990844,55.210246,65.054744
32.307876,54.880941,64.903332
33.551096,53.503467,64.258645
34.482645,52.430603,63.774511
35.043189,51.743876,63.459439
36.159289,50.323526,62.830709
36.473104,49.938251,62.654032
36.620243,49.752523,62.571078
37.847542,48.101385,61.824704
38.715186,46.901818,61.296325
39.174358,46.226738,60.995588
39.913842,45.109892,60.510593
40.440089,44.304116,60.165633
40.757214,43.783719,59.957840
41.588326,42.350596,59.372818
42.675204,40.379180,58.609530
42.689019,40.351431,58.599084
42.704146,40.319283,58.587676
43.663934,38.228344,57.862907
44.568546,36.137818,57.181598
44.599490,36.062292,57.156597
44.626690,35.991808,57.134681
45.440483,33.820029,56.477958
46.123079,31.879727,55.928726
46.241496,31.531877,55.833278
46.398532,31.038615,55.707101
46.961183,29.172210,55.222078
47.310744,27.930048,54.921754
47.628130,26.756404,54.648468
48.161191,24.633507,54.191148
48.244214,24.284227,54.114718
48.274125,24.108875,54.087206
48.661936,21.535361,53.731075
48.772574,20.587630,53.629220
48.960290,18.644268,53.456840
49.054674,17.195990,53.369818
49.126381,15.595441,53.304046
49.152819,13.914622,53.279487
48.562107,11.682409,53.823305
48.403122,11.131655,53.969649
48.201378,10.639977,54.155388
47.316139,8.534319,54.916377
46.336805,6.789556,55.758381
45.938091,6.095263,56.078347
44.412665,4.029126,57.302647
44.248577,3.811584,57.425504
42.429294,1.889261,58.787796
42.199963,1.701660,58.947504
40.478117,0.717432,60.146706
39.327181,0.063971,60.894298
38.491297,-0.268909,61.437284
37.295406,-0.743143,62.160003
36.468832,-1.079378,62.659508
35.892532,-1.312721,62.982588
34.410731,-1.732545,63.813354
32.781194,-2.193550,64.658160
32.317083,-2.329403,64.898757
31.896032,-2.452390,65.099851
30.187811,-2.795063,65.915747
28.641870,-3.105837,66.593125
28.023014,-3.235909,66.864267
27.340684,-3.379472,67.137161
25.821635,-4.017002,67.744719
23.662638,-4.801945,68.528336
23.584210,-4.833734,68.556801
23.449763,-4.856641,68.600195
21.028408,-5.317195,69.381702
19.289951,-5.542763,69.873916
18.456440,-5.689472,70.109911
17.369185,-5.811380,70.375206
15.868305,-6.191390,70.741428
15.015358,-6.357453,70.916591
13.264004,-6.779820,71.276253
10.791211,-7.223999,71.689695
10.643536,-7.257658,71.714386
10.414802,-7.294928,71.744007
8.006902,-7.650826,72.055827
6.019264,-7.813444,72.239208
5.354101,-7.898312,72.300577
4.607522,-7.941198,72.341992
2.685134,-8.013214,72.448634
0.332904,-7.933247,72.493632
0.000000,-7.935652,72.500000
-0.346861,-7.951197,72.493032
-2.811303,-8.177554,72.443526
-4.836238,-8.195967,72.325932
-5.604095,-8.182381,72.281340
-6.237069,-8.120410,72.220218
-8.378377,-8.024535,72.013445
-11.054110,-7.705033,71.650689
-11.134147,-7.699568,71.639838
-11.250051,-7.683555,71.619542
-13.871407,-7.276939,71.160520
-15.265969,-6.965347,70.860435
-16.590156,-6.740055,70.575492
-19.253891,-6.115119,69.894091
-19.290394,-6.108416,69.884753
-19.370219,-6.088879,69.861046
-21.938267,-5.856967,69.099061
-23.688700,-5.598595,68.507996
-24.570056,-5.508087,68.209685
-26.482416,-4.589982,67.482575
-26.899776,-4.422670,67.323803
-28.881727,-3.579942,66.494122
-29.082645,-3.492725,66.410198
-31.189487,-2.524553,65.446922
-31.228094,-2.506454,65.429308
-31.938370,-2.154551,65.076202
-33.336288,-1.470377,64.381162
-33.413522,-1.430341,64.339488
-35.407132,-0.375579,63.265924
-35.553667,-0.293604,63.180578
-37.440598,0.783121,62.083739
-37.612122,0.886461,61.976224
-39.436730,2.007117,60.834724
-39.592822,2.108212,60.729693
-41.395570,3.297844,59.518996
-41.499508,3.370089,59.444093
-43.317164,4.656778,58.136678
-43.339214,4.666299,58.119624
-45.234573,5.379486,56.656085
-45.506912,5.508762,56.430843
-46.051459,6.293267,55.980806
-46.746587,7.346064,55.406350
-47.133930,8.082380,55.086197
-47.819619,9.346488,54.479332
-48.497472,10.945359,53.879293
-48.578848,11.700724,53.807354
-48.756434,14.320392,53.649753
-48.769702,14.723955,53.638054
-48.760629,17.545507,53.645725
-48.742867,18.002193,53.661525
-48.554037,20.646498,53.828569
-48.452419,21.589438,53.918787
-48.171094,23.643566,54.168030
-47.838484,25.556097,54.463326
-47.639150,26.552751,54.640079
-47.214914,28.339132,55.016831
-46.955425,29.377253,55.231822
-46.758957,30.052195,55.394811
-46.110177,32.117382,55.932683
-45.343753,34.271737,56.568778
-45.148310,34.794158,56.720107
-44.891873,35.404991,56.918855
-44.061003,37.423296,57.563040
-43.382815,38.873841,58.087701
-42.800475,39.959161,58.506127
-41.805829,41.746189,59.219547
-41.430855,42.426086,59.488673
-41.207212,42.817033,59.648909
-39.960222,44.849173,60.477698
-38.990482,46.373063,61.121140
-38.402256,47.232255,61.482097
-36.770929,49.530158,62.481514
-36.742791,49.570052,62.498759
-36.732467,49.584169,62.505077
-34.942205,51.848733,63.514615
-34.433199,52.469609,63.801201
-33.008879,54.070189,64.537242
-32.092549,55.062930,65.010051
-30.921208,56.226303,65.562195
-29.710488,57.385124,66.132049
-28.653296,58.307342,66.584149
-27.302037,59.467418,67.161439
-26.215140,60.307652,67.580623
-24.862975,61.338048,68.101905
-23.561975,62.223087,68.551258
-22.381599,63.014196,68.958785
-20.874002,63.877093,69.418253
-19.947848,64.400412,69.700386
-18.130916,65.300758,70.186375
-17.500852,65.608688,70.354822
-15.166527,66.590008,70.893131
-15.040616,66.642146,70.922151
-14.604473,66.793440,71.006826
-12.567126,67.509726,71.402434
-11.904283,67.699336,71.507316
-10.080395,68.211292,71.795724
-8.293212,68.597784,72.014775
-7.580430,68.748427,72.102072
-6.352425,68.930133,72.209272
-5.067217,69.129752,72.321534
-4.207236,69.210146,72.366723
-2.540756,69.359122,72.454159
-0.551298,69.415949,72.490038
