-17.996571,24.672370,70.229508
-19.146549,23.545610,69.912628
-20.635308,22.178273,69.499702
-21.299316,21.588322,69.290407
-21.798677,20.530544,69.130494
-22.299959,18.899465,68.972365
-22.135744,17.224359,69.022982
-21.448170,15.023107,69.246818
-21.245729,14.659468,69.311860
-21.076625,14.447486,69.367034
-19.596178,12.547835,69.786502
-18.639607,11.653180,70.061310
-17.590230,10.646311,70.319020
-16.145223,9.610927,70.678625
-15.240138,8.943774,70.867014
-13.609033,8.034850,71.211099
-12.557301,7.429871,71.391026
-11.039598,6.767670,71.654400
-9.552345,6.094955,71.854287
-8.378377,6.261447,72.013445
-7.716176,6.397460,72.077389
-5.604095,6.894707,72.281340
-3.893315,7.408641,72.380690
-2.811303,7.771384,72.443526
-0.515178,8.693883,72.489651
0.000000,8.921627,72.500000
0.539158,8.752851,72.489686
2.685134,8.138077,72.448634
4.034531,7.829197,72.373778
5.354101,7.558445,72.300577
7.913855,7.178711,72.064412
8.006902,7.166873,72.055827
8.159593,7.156020,72.036054
10.643536,8.157937,71.714386
11.572225,8.490013,71.559112
13.264004,9.356817,71.276253
14.654821,9.994870,70.990631
15.868305,10.803450,70.741428
17.359586,11.700800,70.377548
18.456440,12.687664,70.109911
19.626751,13.645579,69.778557
21.028408,15.459729,69.381702
21.380576,15.877076,69.268038
21.696023,16.540301,69.166225
22.137618,18.673880,69.023698
22.014905,19.990811,69.063304
21.028408,21.739025,69.381702
20.727787,22.331930,69.466818
19.118890,23.624266,69.922349
18.537078,24.056348,70.087079
18.456440,24.134034,70.109911
16.480805,25.881638,70.591975
15.868305,26.365160,70.741428
14.199733,27.560821,71.084089
13.264004,28.156622,71.276253
11.656588,29.071458,71.545007
10.643536,29.579821,71.714386
8.806056,30.386273,71.952338
8.006902,30.691490,72.055827
5.592482,31.471762,72.278583
5.354101,31.537279,72.300577
4.670302,31.687599,72.338509
2.685134,32.035019,72.448634
1.726145,32.144042,72.466979
0.000000,32.270192,72.500000
-1.833378,32.127742,72.465887
-2.615835,32.028285,72.451329
-3.879057,31.813091,72.383057
-5.216705,31.518083,72.310762
-5.836790,31.356933,72.255020
-7.802609,30.728295,72.078301
-9.211550,30.217492,71.900546
-10.373548,29.712472,71.753945
-12.183488,28.841332,71.459189
-12.929521,28.417030,71.337694
-14.802584,27.255703,70.963123
-15.470529,26.769994,70.829549
-17.111431,25.483825,70.439766
-17.996571,24.672370,70.229508
