-12.585087,49.124125,71.399271
-12.961422,48.980065,71.326092
-15.106334,48.181678,70.908165
-16.108206,47.743221,70.676229
-17.625516,47.029841,70.323650
-18.947107,46.318573,69.967634
-20.134933,45.635705,69.646510
-21.528348,44.735983,69.217729
-22.634935,43.975707,68.876037
-23.972510,42.861947,68.408998
-25.143234,41.836454,67.998910
-26.277176,40.758045,67.556736
-27.612847,39.422397,67.034240
-28.395594,38.576724,66.695935
-30.044095,36.704352,65.981170
-30.352890,36.326990,65.834175
-31.295403,35.116036,65.384065
-32.153655,34.010129,64.974519
-32.437811,33.624603,64.838469
-33.809677,31.630178,64.121398
-34.745326,29.945474,63.631769
-35.166951,29.147207,63.391603
-35.584972,28.145178,63.153753
-36.245936,26.520283,62.777435
-36.935573,24.257997,62.385343
-37.080342,23.759925,62.296025
-37.134920,23.489993,62.262413
-37.636805,20.850754,61.952835
-37.765718,19.661378,61.873557
-37.943287,17.801072,61.763979
-37.974467,16.223079,61.744968
-37.984252,14.602223,61.738752
-37.885388,13.060103,61.799772
-36.993626,11.878188,62.350905
-36.563084,11.214640,62.595661
-35.129050,9.632483,63.418340
-35.036678,9.540512,63.471234
-35.013990,9.523266,63.484320
-33.306608,8.023849,64.389602
-32.966695,7.791948,64.571139
-31.447893,6.598785,65.314216
-30.874102,6.243542,65.597002
-29.474403,5.248754,66.226385
-28.738331,4.831461,66.559835
-27.396851,3.960958,67.111665
-26.560839,3.523702,67.458210
-25.223648,2.725353,67.958725
-24.342659,2.297550,68.291114
-22.711180,1.362548,68.836663
-21.845895,0.930571,69.128313
-19.909181,-0.049648,69.700979
-19.290394,-0.162813,69.884753
-18.266039,-0.289659,70.146790
-16.590156,-0.470884,70.575492
-15.311405,-0.532388,70.850658
-13.871407,-0.662236,71.160520
-12.122064,-0.709117,71.466845
-11.134147,-0.715259,71.639838
-10.041011,-0.651370,71.788037
-8.378377,-0.618119,72.013445
-6.975525,-0.493642,72.148910
-5.604095,-0.334406,72.281340
-3.159587,0.121596,72.423300
-2.811303,0.175368,72.443526
-2.627770,0.217565,72.447212
0.000000,0.919378,72.500000
2.663523,0.461359,72.449048
2.685134,0.458190,72.448634
2.722419,0.455156,72.446566
5.354101,0.161809,72.300577
6.957900,0.081806,72.152609
8.006902,0.050318,72.055827
9.254771,0.088635,71.894229
10.643536,0.083307,71.714386
11.875888,0.149615,71.508341
13.264004,0.246223,71.276253
14.484324,0.400688,71.025645
15.868305,0.524077,70.741428
17.537722,0.763671,70.334082
18.456440,0.907166,70.109911
19.077970,1.037716,69.933935
21.028408,1.847830,69.381702
22.391667,2.378647,68.941702
23.584210,2.947560,68.556802
25.237678,3.281636,67.956718
25.818301,3.416834,67.745996
26.415026,3.543071,67.507381
28.016955,4.093061,66.866812
30.016503,4.730397,65.990940
30.180264,4.800116,65.919205
30.278390,4.842122,65.872349
32.308933,6.029628,64.902815
33.213481,6.562508,64.434000
34.401876,7.526422,63.818128
35.624976,8.527200,63.132623
36.458920,9.490567,62.665278
37.529748,10.739946,62.018364
38.479662,12.388194,61.444575
38.945015,13.204572,61.142399
39.360610,14.411882,60.872584
39.525802,16.117039,60.765331
39.305935,17.582886,60.908083
38.821211,19.732979,61.222797
38.692456,20.146588,61.306296
38.488666,20.754187,61.438930
37.878731,22.484728,61.806982
37.399245,23.749886,62.097308
36.999724,24.758438,62.338770
36.516971,25.897557,62.631454
36.043244,26.959958,62.897111
35.556331,27.981730,63.170996
35.008768,29.090291,63.478545
34.499545,30.058574,63.765375
33.894813,31.149714,64.079533
33.082273,32.527233,64.502824
32.707621,33.144096,64.697771
32.439780,33.559625,64.837507
31.421316,35.056027,65.325897
30.284905,36.476117,65.871156
29.946779,36.869518,66.019859
29.179781,37.733407,66.356640
28.384915,38.617255,66.705821
28.042574,38.985995,66.855977
26.730473,40.296363,67.380680
25.764353,41.230167,67.766419
24.995362,41.916163,68.044630
23.449995,43.248956,68.602825
23.116960,43.494581,68.709737
20.890209,45.025037,69.423483
20.765530,45.101914,69.458568
18.316799,46.503254,70.146568
18.193318,46.565592,70.176486
15.729579,47.713036,70.772426
15.360804,47.861044,70.847528
13.128387,48.680060,71.301359
12.218908,48.957758,71.451874
10.527645,49.523853,71.731494
8.947708,49.954184,71.933830
7.919199,50.226183,72.065548
5.353442,50.748065,72.299661
5.295109,50.759508,72.304983
5.172327,50.776249,72.311719
2.655376,51.117199,72.449801
1.251280,51.224251,72.476345
0.000000,51.312023,72.500000
-1.385009,51.262603,72.474972
-2.544604,51.217930,72.454017
-3.990576,51.068261,72.377991
-5.075414,50.952435,72.320952
-5.790292,50.829415,72.258427
-7.592431,50.513081,72.100806
-9.586177,50.030863,71.856109
-10.095656,49.905716,71.793579
-11.431198,49.487679,71.582039
-12.585087,49.124125,71.399271
