-14.869839,98.968182,63.275542
-16.199739,98.017194,62.935445
-17.248294,97.235032,62.668127
-18.224518,96.384077,62.378869
-19.552521,95.222035,61.987720
-20.103352,94.669202,61.802317
-21.834068,92.925931,61.223144
-21.868018,92.886381,61.210306
-22.035532,92.689235,61.147274
-23.575890,90.881711,60.567170
-23.884503,90.515889,60.451520
-25.164775,88.828743,59.919867
-25.893150,87.859375,59.618898
-26.657178,86.736221,59.271033
-27.860161,84.950636,58.726049
-28.068866,84.610302,58.622365
-28.518942,83.869383,58.399899
-29.387596,82.446791,57.969819
-29.785808,81.788478,57.773662
-30.635113,80.253979,57.316668
-31.706049,78.364761,56.742561
-31.874761,78.039366,56.644235
-32.118091,77.550681,56.502760
-33.010049,75.778707,55.983645
-33.615343,74.526358,55.632232
-34.077870,73.485925,55.341206
-34.602863,72.255421,55.011725
-35.075905,71.160603,54.714482
-35.483382,70.177714,54.459112
-36.009224,68.804978,54.102910
-36.493379,67.486822,53.775855
-36.889538,66.423614,53.507846
-37.309742,65.247117,53.224376
-37.717245,64.016983,52.927932
-38.028043,63.037362,52.702512
-38.495769,61.586617,52.362684
-39.093914,59.648759,51.929429
-39.240521,59.133785,51.814975
-39.346238,58.750019,51.732569
-39.960010,56.650665,51.253830
-40.566787,54.428592,50.781604
-40.642207,54.148172,50.722827
-40.752125,53.708353,50.637371
-41.245256,51.610535,50.226606
-41.508079,50.402329,50.008257
-41.797521,49.045795,49.767354
-42.283574,46.566694,49.363973
-42.304914,46.455411,49.346225
-42.351764,46.187207,49.307386
-42.738817,43.830506,48.963438
-42.872033,42.933218,48.845478
-43.125035,41.178452,48.620809
-43.349498,39.433175,48.422286
-43.465468,38.499509,48.319369
-43.732150,36.049276,48.083806
-43.758885,35.792994,48.060093
-43.899369,34.069417,47.935290
-43.977826,33.056680,47.861299
-43.984933,32.924268,47.854530
-44.113961,30.272961,47.732990
-44.122415,29.940547,47.724878
-44.173075,27.442881,47.677514
-44.172161,27.061892,47.678272
-44.078851,24.486595,47.767224
-44.067140,24.308291,47.778323
-43.977204,23.559113,47.863870
-43.755524,21.793759,48.060464
-43.668160,21.333514,48.138121
-43.261074,19.488156,48.499514
-42.794173,17.901442,48.914639
-42.617443,17.356147,49.071648
-42.373601,16.759485,49.288533
-41.796470,15.409298,49.767810
-41.023360,13.950675,50.410477
-40.834344,13.612815,50.567541
-40.703590,13.420123,50.676284
-39.687553,11.989718,51.465142
-38.976955,11.162024,52.017275
-38.505634,10.350259,52.357271
-37.764054,9.164555,52.892712
-37.376640,8.582677,53.172343
-37.140844,8.494027,53.342303
-35.290897,7.623329,54.581086
-35.166165,7.579351,54.664326
-33.439537,6.824104,55.731724
-33.152960,6.702444,55.908930
-33.131430,6.691278,55.921228
-31.102210,5.889654,57.075754
-30.891585,5.788739,57.186024
-29.012333,5.093301,58.165910
-28.585852,4.903171,58.369633
-26.883224,4.309657,59.179525
-26.216662,4.031500,59.468492
-24.714805,3.536042,60.116692
-23.785894,3.171350,60.479849
-22.507021,2.770478,60.977477
-21.295021,2.320858,61.401545
-20.259829,2.011478,61.761932
-18.242153,1.569424,62.382641
-18.005628,1.530186,62.455104
-17.567980,1.443820,62.572566
-15.741722,1.152032,63.063917
-14.693328,0.948773,63.306626
-13.501353,0.883013,63.581839
-12.191537,0.877333,63.836507
-11.282034,0.879239,64.013342
-10.284431,0.931941,64.171338
-9.050352,0.954837,64.366787
-7.964455,1.032825,64.500049
-6.806307,1.124812,64.642176
-5.159416,1.343240,64.786203
-4.549901,1.404933,64.839508
-4.135397,1.470136,64.861299
-2.281132,1.778627,64.958782
-0.642245,2.143185,64.988395
0.000000,2.292392,65.000000
0.622427,2.187650,64.988880
2.256798,1.920903,64.959681
3.974621,1.732623,64.870332
4.501619,1.677356,64.842921
5.360773,1.633563,64.768582
6.734464,1.525846,64.649721
7.604914,1.502327,64.544037
8.955332,1.471321,64.380079
10.673355,1.520692,64.110904
11.164223,1.519945,64.033996
11.563541,1.539086,63.957197
13.361138,1.631543,63.611472
15.205497,1.818199,63.190284
15.557702,1.933069,63.109629
16.262659,2.148453,62.922080
17.804361,2.665579,62.512823
18.523330,2.892999,62.295039
20.039817,3.453778,61.833668
21.745211,3.557238,61.247322
22.135742,3.588743,61.113482
22.673307,3.625498,60.908746
24.201770,3.836999,60.325250
25.467196,3.995469,59.792338
26.259041,4.171496,59.459222
26.988367,4.324149,59.121834
28.321681,4.718733,58.505336
30.014239,5.195959,57.649232
30.348103,5.288411,57.480298
30.618302,5.359251,57.331420
32.337545,5.997745,56.384564
33.862603,6.539650,55.473462
34.290668,6.753033,55.217856
35.197127,7.188839,54.632658
36.206770,7.669026,53.980688
36.698545,7.893685,53.638380
38.085587,8.799325,52.673409
38.921502,9.558530,52.046645
39.824009,10.571518,51.370401
40.646618,11.484809,50.710316
41.510070,12.692053,50.017969
42.116743,13.532947,49.497256
42.559787,15.108690,49.116885
42.801952,16.025724,48.909134
43.177809,17.729157,48.586229
43.362045,18.589626,48.417056
43.432841,18.996904,48.351938
43.779098,21.234568,48.033907
43.919736,22.451819,47.904427
44.031453,23.963390,47.802072
44.100228,25.484731,47.738346
44.144337,26.761698,47.698080
44.154901,28.368999,47.687891
44.149164,29.624239,47.693532
44.101406,31.125300,47.737154
44.039312,32.555049,47.794867
43.954268,33.770650,47.873045
43.807593,35.558505,48.009073
43.725546,36.319171,48.084696
43.446189,38.639371,48.343751
43.428523,38.791167,48.360128
43.346170,39.436816,48.436115
43.096020,41.303619,48.652951
43.029471,41.759210,48.710391
42.727871,43.776300,48.971535
42.543135,44.917258,49.130868
42.328980,46.212273,49.316096
41.967917,48.139683,49.627788
41.885762,48.570961,49.698710
41.672169,49.632040,49.883096
41.404230,50.892962,50.099533
41.284370,51.427563,50.196354
40.885774,53.179333,50.518332
40.506163,54.764220,50.824976
40.342785,55.436973,50.956949
40.009710,56.742594,51.226001
39.762688,57.659454,51.412623
39.622724,58.154477,51.518364
39.139174,59.843736,51.883679
38.610052,61.608101,52.283423
38.491121,62.000104,52.373274
38.298156,62.608120,52.519056
37.771359,64.093947,52.889804
37.362777,65.197062,53.177355
37.007396,66.146085,53.427464
36.555496,67.400923,53.745501
36.246429,68.207652,53.948433
35.990854,68.851849,54.116243
35.445713,70.235285,54.474181
34.780716,71.867539,54.910814
34.619438,72.238401,55.009369
34.466139,72.579330,55.103049
33.747243,74.205505,55.542359
32.973831,75.897223,56.014982
32.850588,76.148911,56.084882
32.716349,76.413949,56.161018
31.900469,78.050849,56.623763
31.134863,79.535582,57.057991
30.919320,79.924258,57.171100
30.646481,80.399659,57.314274
29.881334,81.753063,57.715793
29.263811,82.808261,58.039843
28.798521,83.543930,58.264941
28.124009,84.596615,58.591256
27.675044,85.304254,58.808456
27.360790,85.792164,58.960486
26.501771,87.028719,59.342027
25.425717,88.554063,59.819968
25.294071,88.726422,59.873395
25.050080,89.040879,59.972415
24.021582,90.378320,60.389813
23.458557,91.098931,60.618308
22.698453,91.992712,60.898586
21.459309,93.426167,61.355506
21.291651,93.585632,61.410510
20.702881,94.138048,61.603670
19.486676,95.284993,62.002675
19.135664,95.611495,62.117833
17.550269,96.904208,62.574020
16.796843,97.509709,62.790815
15.463270,98.431601,63.121453
14.442832,99.134309,63.374454
13.206171,99.856331,63.632463
12.073629,100.523033,63.868750
10.752752,101.163401,64.093079
9.689252,101.683717,64.273697
8.045939,102.318479,64.489832
7.289701,102.613659,64.589296
5.004056,103.272434,64.803451
4.874975,103.310112,64.815546
4.548850,103.372287,64.833920
2.445075,103.779942,64.952447
1.385277,103.880206,64.973058
0.000000,104.015219,65.000000
-1.539751,103.893331,64.969078
-2.519761,103.820231,64.949398
-4.132013,103.524187,64.855796
-5.022941,103.362503,64.804072
-5.426942,103.244316,64.765071
-7.509538,102.647787,64.564024
-8.612578,102.208582,64.414525
-9.979554,101.673612,64.229253
-11.404245,100.955864,63.979849
-12.432987,100.445339,63.799759
-13.909449,99.545557,63.482142
-14.869839,98.968182,63.275542
