-16.275680,672.874471,62.928088
-16.768188,671.752913,62.791103
-17.147521,670.905842,62.684788
-17.801997,669.444313,62.502916
-18.751294,667.255368,62.235065
-18.804844,667.116969,62.218013
-18.833870,667.039533,62.208630
-19.701135,664.725965,61.930904
-20.193592,663.369032,61.770753
-20.574090,662.320659,61.648219
-21.312237,660.218527,61.406735
-21.413388,659.885199,61.369935
-21.459063,659.725034,61.353069
-22.156385,657.330649,61.098100
-22.515360,656.017236,60.964817
-22.866759,654.759393,60.835693
-23.490165,652.378164,60.602962
-23.545419,652.171872,60.582558
-23.681465,651.629025,60.531491
-24.161632,649.555327,60.335362
-24.322136,648.832669,60.269016
-24.745435,646.938479,60.094844
-25.110389,645.243802,59.943694
-25.307465,644.326145,59.862152
-25.805796,641.970670,59.656868
-25.851652,641.733697,59.636067
-25.867710,641.649452,59.628815
-26.350525,639.122415,59.410046
-26.538382,638.124103,59.325310
-26.843240,636.507855,59.187327
-27.195468,634.611554,59.028634
-27.329810,633.890027,58.967895
-27.724044,631.739547,58.790482
-27.803727,631.266352,58.751170
-27.827955,631.120201,58.739274
-28.242169,628.627790,58.535133
-28.397302,627.679465,58.459044
-28.674993,625.986188,58.322329
-28.941424,624.276135,58.191262
-29.096416,623.301494,58.115203
-29.462986,620.907335,57.934751
-29.509109,620.612284,57.912103
-29.689121,619.415795,57.823427
-29.898408,617.912780,57.711586
-29.944050,617.571831,57.687113
-30.268065,615.204498,57.513856
-30.391768,614.264023,57.447485
-30.620962,612.493651,57.324654
-30.810910,610.968567,57.222924
-30.961275,609.779430,57.142349
-31.215672,607.686756,57.006118
-31.292973,607.060646,56.964700
-31.606381,604.418277,56.796889
-31.616134,604.337338,56.791664
-31.664279,603.921140,56.765888
-31.912730,601.602468,56.621564
-31.970770,601.171678,56.587845
-32.284833,598.913318,56.405526
-32.425355,597.853310,56.323873
-32.648942,596.219878,56.194054
-32.867130,594.547167,56.067249
-33.005219,593.522238,55.987058
-33.296482,591.252879,55.817751
-33.353824,590.820482,55.784446
-33.609283,588.797608,55.635924
-33.689513,588.112601,55.585554
-33.704589,587.977165,55.576079
-34.002316,585.394772,55.389131
-34.074836,584.732668,55.343545
-34.303558,582.661178,55.199309
-34.436912,581.422809,55.115923
-34.599597,579.921476,55.013460
-34.789667,578.122260,54.894778
-34.889999,577.178535,54.831666
-35.123083,574.950504,54.685117
-35.174230,574.469820,54.653181
-35.450304,571.828999,54.479398
-35.457565,571.760708,54.474858
-35.504471,571.311698,54.445296
-35.725526,569.045308,54.295995
-35.756479,568.722214,54.274915
-35.989826,566.328393,54.117131
-36.057763,565.618867,54.070810
-36.253359,563.611140,53.938401
-36.358143,562.516171,53.866875
-36.516130,560.893552,53.759804
-36.657627,559.414123,53.663106
-36.778142,558.175631,53.581338
-36.956218,556.312717,53.459503
-37.040530,555.453695,53.402028
-37.263163,553.144031,53.250278
-37.304463,552.722961,53.222125
-37.523892,550.471848,53.073465
-37.568112,549.977648,53.040850
-37.575943,549.888084,53.035147
-37.814757,547.225181,52.859302
-37.866366,546.636333,52.821776
-38.060884,544.472242,52.678787
-38.156375,543.385314,52.609468
-38.306501,541.718837,52.499295
-38.445978,540.135020,52.398214
-38.551618,538.964973,52.320819
-38.735182,536.885443,52.188007
-38.796241,536.210653,52.143349
-39.023995,533.636573,51.978839
-39.040380,533.455885,51.966875
-39.129705,532.448679,51.902462
-39.273298,530.691712,51.789763
-39.299766,530.362082,51.769240
-39.499770,527.922038,51.612526
-39.577436,527.073019,51.552274
-39.743364,525.180050,51.423043
-39.854354,523.866073,51.336741
-39.979274,522.437271,51.239471
-40.128863,520.661984,51.123182
-40.213328,519.693422,51.057427
-40.401005,517.460701,50.911563
-40.445558,516.948521,50.876888
-40.670822,514.262175,50.701851
-40.675992,514.202585,50.697828
-40.706343,513.839774,50.674250
-40.892174,511.451812,50.519845
-40.920032,511.080053,50.496739
-41.104888,508.699529,50.343179
-41.164502,507.902399,50.293745
-41.316075,505.946336,50.167862
-41.407077,504.727065,50.092418
-41.525758,503.192249,49.993874
-41.648953,501.576565,49.891128
-41.740197,500.416327,49.815672
-41.888505,498.451654,49.691820
-41.956069,497.639880,49.635979
-42.142324,495.326055,49.479993
-42.180709,494.865139,49.448210
-42.395329,492.200994,49.268143
-42.404568,492.090122,49.260479
-42.475387,491.211702,49.200955
-42.620286,489.312597,49.072510
-42.637164,489.083738,49.057341
-42.831883,486.533795,48.884420
-42.873481,485.970295,48.846965
-43.042803,483.754763,48.696327
-43.109122,482.857266,48.636508
-43.253050,480.975504,48.508229
-43.344089,479.744646,48.425965
-43.462630,478.196021,48.320122
-43.580417,476.584039,48.214414
-43.666361,475.430065,48.137072
-43.815243,473.378885,48.003515
-43.868216,472.662921,47.955864
-44.047441,470.177185,47.795157
-44.067435,469.896403,47.776974
-44.162748,468.552142,47.692793
-44.253537,467.143289,47.604682
-44.271643,466.861319,47.587648
-44.431097,464.387227,47.433461
-44.484544,463.555001,47.383363
-44.608583,461.630666,47.263859
-44.697261,460.250051,47.181045
-44.785996,458.873611,47.095866
-44.909796,456.946461,46.980681
-44.963336,456.116064,46.929474
-45.122150,453.644221,46.782258
-45.140605,453.358028,46.764672
-45.260489,451.951550,46.652766
-45.365172,450.617450,46.547234
-45.384235,450.360464,46.528229
-45.577013,447.871552,46.334175
-45.633856,447.095030,46.277598
-45.784646,445.122806,46.126032
-45.877473,443.837841,46.033790
-45.988160,442.371274,45.922697
-46.115249,440.588669,45.796613
-46.183061,439.610763,45.728905
-46.325894,437.415629,45.586696
-46.365449,436.836490,45.547215
-46.531157,434.249554,45.382293
-46.543926,434.059729,45.369551
-46.631090,432.677448,45.282833
-46.713020,431.278897,45.195466
-46.722993,431.096534,45.184866
-46.873100,428.494146,45.024848
-46.906192,427.959403,44.989409
-47.052144,425.690819,44.834792
-47.104809,424.846391,44.778313
-47.231729,422.888012,44.643659
-47.304395,421.731748,44.565621
-47.411841,420.085719,44.451457
-47.504935,418.615489,44.351341
-47.592469,417.283934,44.258195
-47.706414,415.497631,44.135483
-47.773601,414.482649,44.063882
-47.908818,412.378186,43.918059
-47.956089,411.675784,43.867552
-48.117467,409.208338,43.693526
-48.141887,408.850940,43.667403
-48.329011,406.034455,43.465394
-48.329498,406.027443,43.464873
-48.333235,405.972037,43.460834
-48.509438,403.202597,43.258847
-48.528181,402.869752,43.237265
-48.673351,400.433427,43.069989
-48.713861,399.734517,43.023347
-48.840442,397.666460,42.877506
-48.904423,396.592787,42.803845
-49.010646,394.901649,42.681472
-49.099817,393.444629,42.578817
-49.183898,392.138951,42.481961
-49.299995,390.290110,42.348321
-49.360140,389.378324,42.279045
-49.504908,387.129295,42.112415
-49.539310,386.619724,42.072793
-49.714507,383.962250,41.871154
-49.720564,383.863255,41.864158
-49.761143,383.186061,41.817627
-49.876412,381.110682,41.675146
-49.892283,380.818829,41.655681
-50.031875,378.358894,41.483297
-50.074906,377.659833,41.430552
-50.206772,375.591704,41.267998
-50.277747,374.449520,41.181071
-50.382268,372.824811,41.052334
-50.481804,371.237788,40.930522
-50.558357,370.058212,40.836313
-50.687067,368.024653,40.678923
-50.735033,367.291901,40.619944
-50.893525,364.810133,40.426290
-50.912291,364.525874,40.403234
-51.024621,362.782344,40.266092
-51.085865,361.758982,40.185559
-51.095240,361.598400,40.173314
-51.252709,358.990415,39.966428
-51.287943,358.392423,39.920443
-51.420132,356.222145,39.746917
-51.481794,355.185071,39.666507
-51.595232,353.431146,39.519380
-51.673088,352.065024,39.416834
-51.758723,350.652165,39.305080
-51.857228,348.946965,39.175174
-51.923061,347.874026,39.089143
-52.042922,345.826225,38.930876
-52.088219,345.096709,38.871600
-52.230135,342.702847,38.683976
-52.254170,342.320196,38.652479
-52.418831,339.576877,38.434512
-52.420889,339.544468,38.431810
-52.436251,339.291603,38.411450
-52.579615,336.762223,38.209653
-52.596463,336.450668,38.185679
-52.738136,333.979974,37.985981
-52.774158,333.322106,37.934658
-52.897314,331.198441,37.760814
-52.953149,330.190995,37.681162
-53.057127,328.417611,37.534181
-53.141668,327.021333,37.414040
-53.226616,325.655293,37.293335
-53.335771,323.814235,37.138196
-53.393697,322.891501,37.055884
-53.530609,320.605924,36.861286
-53.560901,320.127811,36.818240
-53.726167,317.396425,36.583333
-53.728226,317.364220,36.580408
-53.740297,317.166666,36.563250
-53.886454,314.599402,36.340878
-53.908445,314.194474,36.307411
-54.044102,311.834598,36.101007
-54.090346,310.991969,36.030626
-54.201882,309.069908,35.860917
-54.272944,307.788256,35.752762
-54.359792,306.305330,35.620612
-54.456224,304.583360,35.473840
-54.517828,303.540861,35.380097
-54.650543,301.404594,35.176672
-54.692667,300.769199,35.112810
-54.848411,298.241586,34.873609
-54.862969,297.996670,34.851310
-54.943949,296.574493,34.728271
-55.013891,295.235227,34.613020
-55.025006,295.012707,34.594870
-55.160542,292.474053,34.371809
-55.195786,291.784797,34.314315
-55.308720,289.713931,34.128680
-55.369470,288.552313,34.029678
-55.458390,286.954832,33.883695
-55.546012,285.315352,33.741053
-55.609519,284.196723,33.636917
-55.725364,282.074006,33.448529
-55.762075,281.439577,33.388404
-55.907481,278.828366,33.152194
-55.916027,278.683366,33.138214
-55.958581,277.964644,33.069373
-56.068129,275.940721,32.875700
-56.089145,275.538825,32.839101
-56.215869,273.196280,32.615534
-56.265152,272.253550,32.529892
-56.362638,270.450513,32.358268
-56.439917,268.971795,32.224259
-56.513979,267.696007,32.095378
-56.620891,265.774699,31.907856
-56.670728,264.933178,31.821022
-56.804962,262.571245,31.585317
-56.829063,262.172014,31.543271
-56.970882,259.726706,31.293973
-56.987870,259.412345,31.261966
-56.990453,259.362504,31.257059
-57.139730,256.653279,30.975444
-57.166080,256.155232,30.925328
-57.292925,253.895749,30.685720
-57.340653,252.937620,30.595205
-57.436168,251.139634,30.414066
-57.508761,249.703241,30.276398
-57.579756,248.383851,30.141759
-57.678014,246.466537,29.955417
-57.723679,245.628388,29.868817
-57.848387,243.227565,29.632315
-57.867926,242.873236,29.595261
-57.973291,240.871120,29.395442
-58.009814,240.118094,29.320436
-58.015775,239.989057,29.308194
-58.145571,237.362377,29.041439
-58.175259,236.740710,28.980531
-58.283454,234.608725,28.758234
-58.338679,233.484005,28.644959
-58.423374,231.857102,28.470993
-58.505971,230.219085,28.301617
-58.565273,229.107444,28.179840
-58.670880,226.967356,27.963156
-58.703266,226.354958,27.896705
-58.834383,223.722907,27.627677
-58.840827,223.602031,27.614456
-58.874613,222.929993,27.545133
-58.970471,220.847825,27.331255
-58.986080,220.487165,27.296430
-59.097312,218.092955,27.048251
-59.133993,217.254105,26.966411
-59.223816,215.337716,26.766001
-59.281977,214.020884,26.636234
-59.349992,212.582120,26.484479
-59.430029,210.787505,26.305904
-59.478251,209.829107,26.198389
-59.588033,207.541469,25.953208
-59.611563,207.082364,25.900733
-59.733498,204.591181,25.628339
-59.744880,204.336595,25.600613
-59.746768,204.291201,25.596010
-59.868273,201.587907,25.299731
-59.891137,201.039505,25.243980
-59.990257,198.837565,25.002288
-60.033978,197.791601,24.895677
-60.110884,196.085630,24.708151
-60.175347,194.547350,24.550964
-60.230205,193.332164,24.417197
-60.315297,191.306618,24.209710
-60.348270,190.577222,24.129308
-60.453880,188.069279,23.871791
-60.465125,187.820860,23.844370
-60.525464,186.391309,23.697241
-60.576323,185.062666,23.561078
-60.584209,184.840678,23.539964
-60.681606,182.302674,23.279209
-60.705914,181.620894,23.214130
-60.788191,179.553342,22.992618
-60.834571,178.358596,22.868570
-60.900404,176.799988,22.692492
-60.966317,175.119321,22.516200
-61.012031,174.045903,22.393933
-61.097784,171.880779,22.164578
-61.123096,171.291115,22.096877
-61.228981,168.642944,21.813675
-61.233622,168.535654,21.801262
-61.258176,167.927166,21.735590
-61.333653,165.807479,21.508770
-61.343146,165.510265,21.480240
-61.430120,163.086088,21.218871
-61.451978,162.408562,21.153182
-61.525889,160.363450,20.931070
-61.560272,159.307889,20.827743
-61.620989,157.639619,20.645279
-61.668047,156.208206,20.503860
-61.715448,154.914644,20.361413
-61.772703,153.114492,20.189353
-61.805763,152.188370,20.090590
-61.871907,150.088267,19.890270
-61.893923,149.471777,19.824394
-61.969938,147.063760,19.593814
-61.981013,146.753729,19.560621
-62.066836,144.040903,19.299877
-62.067072,144.034289,19.299168
-62.068944,143.975230,19.293470
-62.143919,141.314349,19.037029
-62.151094,141.023055,19.012060
-62.219686,138.593114,18.777026
-62.234188,138.006683,18.726471
-62.294587,135.870617,18.519133
-62.316406,134.991657,18.442942
-62.368651,133.146908,18.263267
-62.397773,131.977924,18.161393
-62.441904,130.422034,18.009347
-62.478839,128.933793,17.881050
-62.514275,127.674378,17.757965
-62.558671,125.858271,17.603753
-62.586870,124.927404,17.505828
-62.643970,122.772464,17.307421
-62.661841,122.185736,17.245355
-62.728589,119.688183,17.013409
-62.736107,119.442667,16.987298
-62.789503,117.461075,16.801738
-62.807196,116.698643,16.730426
-62.809045,116.606579,16.722967
-62.871085,113.954314,16.472884
-62.879718,113.529478,16.438060
-62.934423,111.208723,16.217529
-62.949939,110.453539,16.154930
-62.997234,108.461930,15.964259
-63.019729,107.378710,15.873501
-63.059542,105.713990,15.712975
-63.085755,104.312662,15.607251
-63.115252,102.949929,15.488279
-63.146393,101.259430,15.362679
-63.169359,100.182144,15.270048
-63.205121,98.211227,15.125808
-63.222881,97.413003,15.054177
-63.266394,95.156375,14.878673
-63.277718,94.646932,14.832999
-63.326813,92.103773,14.634982
-63.331802,91.879112,14.614859
-63.374472,89.671200,14.442753
-63.383601,89.109817,14.398997
-63.384376,89.053977,14.395285
-63.428566,86.339692,14.183477
-63.433173,86.008753,14.161395
-63.472956,83.567989,13.970712
-63.481376,82.965379,13.930356
-63.516794,80.794774,13.760590
-63.527848,79.927368,13.707609
-63.556917,78.011345,13.568276
-63.570871,76.900043,13.501395
-63.595916,75.224831,13.381350
-63.612597,73.876750,13.301394
-63.633836,72.435360,13.199590
-63.653084,70.857309,13.107332
-63.671661,69.645624,13.018292
-63.695139,67.832992,12.905760
-63.709748,66.856608,12.835735
-63.735520,64.813878,12.712207
-63.746473,64.063855,12.659707
-63.774296,61.799754,12.526346
-63.781883,61.267493,12.489981
-63.811533,58.790422,12.347868
-63.816023,58.467647,12.326344
-63.847289,55.785691,12.176481
-63.848936,55.664433,12.168589
-63.868775,53.020037,12.073498
-63.869943,52.829261,12.066621
-63.869984,52.820758,12.066376
-63.887143,49.993351,11.965340
-63.887790,49.859643,11.961533
-63.904054,47.156470,11.865767
-63.905285,46.899707,11.858519
-63.920682,44.318642,11.767858
-63.922477,43.940919,11.757286
-63.942436,41.577003,11.646302
-63.945093,41.148236,11.629347
-63.960416,38.837549,11.545000
-63.962455,38.374991,11.531517
-63.973567,36.083329,11.471717
-63.974793,35.620672,11.463022
-63.981935,33.314194,11.426757
-63.982330,32.884781,11.423118
-63.985567,30.529994,11.410429
-63.984624,30.145910,11.416150
-63.976820,27.608548,11.463527
-63.976035,27.290099,11.468293
-63.967990,24.686838,11.517128
-63.967366,24.434637,11.520920
-63.959077,21.764860,11.571239
-63.958616,21.579531,11.574039
-63.950079,18.842610,11.625867
-63.949784,18.724785,11.627656
-63.941671,17.738108,11.681208
-63.921658,15.980712,11.774621
-63.917019,15.752904,11.798605
-63.863492,13.336679,12.058812
-63.837982,12.533407,12.190353
-63.779639,10.791814,12.479765
-63.708211,9.161180,12.849310
-63.671085,8.345087,13.036235
-63.580609,6.745920,13.507032
-63.529631,5.995016,13.724823
-63.495348,5.578353,13.874758
-63.341016,3.739830,14.540718
-63.136219,1.682070,15.442244
-63.127222,1.574084,15.481640
-63.112507,1.429588,15.546076
-62.876064,-0.598404,16.438981
-62.636632,-2.310166,17.343168
-62.589873,-2.677632,17.519749
-62.537125,-2.977798,17.718955
-62.202229,-4.641382,18.829200
-61.885562,-6.142008,19.879065
-61.783083,-6.540103,20.179139
-61.608953,-7.193887,20.689046
-61.327852,-8.336224,21.512181
-61.140518,-9.069774,22.060768
-60.838747,-10.113756,22.853122
-60.323522,-11.830918,24.205995
-60.315338,-11.855167,24.225409
-60.298981,-11.901844,24.264209
-59.748798,-13.601385,25.569324
-59.434579,-14.532808,26.314728
-59.141390,-15.307226,26.946997
-58.511909,-16.902105,28.304534
-58.487054,-16.970629,28.358136
-58.473673,-17.005856,28.386993
-57.781890,-18.628843,29.750488
-57.440571,-19.382536,30.423226
-57.035438,-20.201227,31.156336
-56.334962,-21.578442,32.423850
-56.242798,-21.744853,32.577562
-55.993845,-22.182094,32.992760
-55.406464,-23.291614,33.972386
-55.157310,-23.748075,34.387913
-54.521466,-24.819024,35.368636
-53.907622,-25.821476,36.315403
-53.581207,-26.312685,36.782396
-52.585904,-27.764410,38.206318
-52.581023,-27.771064,38.212795
-52.564621,-27.793687,38.234561
-51.586600,-29.227485,39.532412
-51.256565,-29.717537,39.970365
-50.544417,-30.654099,40.852498
-49.874554,-31.546850,41.682235
-49.448962,-32.046545,42.174585
-48.434035,-33.151713,43.348452
-48.235863,-33.350044,43.562611
-47.110463,-34.478855,44.778322
-46.966398,-34.629078,44.933958
-46.938072,-34.658687,44.964547
-45.643444,-35.896383,46.271069
-45.388960,-36.140292,46.527791
-44.256053,-37.131504,47.595875
-43.786852,-37.543102,48.038060
-42.799443,-38.331958,48.907613
-42.131768,-38.866837,49.495375
-41.268325,-39.495002,50.205445
-40.423730,-40.111215,50.899758
-39.656838,-40.617592,51.488437
-38.662758,-41.275953,52.251231
-37.956077,-41.736578,52.754707
-36.799623,-42.523827,53.578317
-36.181312,-42.885342,53.987394
-34.958250,-43.562360,54.797720
-34.308565,-43.880073,55.196526
-33.108634,-44.495255,55.935305
-32.356432,-44.833271,56.363143
-31.223417,-45.368509,57.009549
-30.317440,-45.740158,57.485465
-29.302445,-46.179280,58.020319
-28.182928,-46.595191,58.561432
-27.345553,-46.924540,58.967475
-25.942794,-47.391910,59.588638
-25.352567,-47.601066,59.850866
-23.585182,-48.122730,60.564262
-23.323299,-48.205416,60.670333
-22.015554,-48.542029,61.148662
-21.258095,-48.752359,61.425507
-21.064509,-48.800177,61.488238
-18.998076,-49.399081,62.160084
-17.859779,-49.650946,62.484920
-16.721296,-49.952262,62.810986
-14.451094,-50.391438,63.372088
-14.426590,-50.396163,63.378156
-14.384009,-50.402255,63.387030
-12.059965,-50.778056,63.871332
-10.622970,-50.942415,64.115097
-9.678217,-51.070960,64.275360
-8.307261,-51.191356,64.455465
-7.281346,-51.302293,64.590241
-6.519018,-51.349735,64.661586
-4.869353,-51.484852,64.815974
-2.851453,-51.555721,64.929532
-2.442238,-51.579042,64.952561
-2.080044,-51.583551,64.959596
0.000000,-51.646425,65.000000
2.160586,-51.563300,64.958797
2.400301,-51.558273,64.954226
2.641020,-51.542597,64.940911
4.786234,-51.452760,64.822256
6.757866,-51.278879,64.640882
7.157797,-51.251338,64.604091
7.630593,-51.197315,64.543044
9.514991,-51.023087,64.299731
10.992329,-50.816102,64.053454
11.857816,-50.713239,63.909175
13.069195,-50.512695,63.661145
14.186273,-50.350394,63.432424
14.928706,-50.206116,63.251812
16.445204,-49.941954,62.883907
18.494029,-49.448114,62.308898
18.658590,-49.415371,62.262950
18.951951,-49.338147,62.169739
20.858802,-48.881148,61.562213
22.073313,-48.550173,61.126097
22.958368,-48.340380,60.809383
23.965805,-48.026737,60.409920
25.020466,-47.734360,59.990489
25.836173,-47.442633,59.633386
27.045065,-47.059512,59.105904
28.743299,-46.387033,58.294428
29.024059,-46.282880,58.160104
29.208803,-46.202934,58.064034
30.931393,-45.511090,57.168545
32.281821,-44.885584,56.408391
32.805402,-44.659499,56.113761
33.706876,-44.214839,55.566285
34.646275,-43.770166,54.995676
35.145460,-43.501269,54.669384
36.454017,-42.841542,53.814311
37.826665,-42.059904,52.851539
38.228526,-41.845021,52.569761
39.355067,-41.053609,51.720108
39.991734,-40.618778,51.239872
40.184942,-40.470953,51.083714
41.702551,-39.344908,49.857546
42.340680,-38.816852,49.305371
43.362125,-38.041851,48.421789
44.390196,-37.146453,47.469671
44.969954,-36.661410,46.932891
46.272310,-35.420019,45.642172
46.525311,-35.187942,45.391502
48.009445,-33.646389,43.817552
48.028236,-33.627576,43.797630
48.186419,-33.449152,43.618099
49.478819,-32.006966,42.151220
49.616365,-31.833998,41.984049
50.877029,-30.305516,40.452346
51.111221,-29.986783,40.147520
52.222897,-28.526111,38.701021
52.491283,-28.105874,38.324765
53.544386,-26.457306,36.848949
53.708901,-26.169398,36.600687
54.795927,-24.267539,34.960962
54.830161,-24.200575,34.905200
55.051901,-23.766956,34.544179
55.861837,-22.206141,33.225422
55.982202,-21.973402,33.029206
56.804352,-20.165511,31.578198
57.139396,-19.461312,30.985156
57.698748,-18.123625,29.909287
58.221003,-16.927414,28.901646
58.545436,-16.080647,28.218505
59.226951,-14.373772,26.778700
59.344762,-14.036713,26.505698
59.816438,-12.739392,25.408766
60.093635,-11.993758,24.764541
60.156936,-11.829481,24.616919
60.788877,-9.953096,22.990181
61.010798,-9.316399,22.416786
61.436539,-7.911436,21.193785
61.788971,-6.785970,20.177264
61.980189,-5.893781,19.554591
62.255152,-4.540252,18.653865
62.400400,-3.875180,18.179136
62.484662,-3.436993,17.902905
62.754408,-1.828399,16.895474
63.036830,0.195655,15.840703
63.057156,0.318118,15.764589
63.070980,0.418022,15.713502
63.313353,2.449460,14.659538
63.512634,4.489120,13.807978
63.531627,4.686847,13.725929
63.554832,4.991009,13.627767
63.684748,7.030756,12.959953
63.740792,8.185051,12.680616
63.801550,9.483346,12.369946
63.869969,11.566577,12.034536
63.884831,12.046028,11.958660
63.932494,14.680360,11.731432
63.933038,14.720109,11.727944
63.933066,14.726726,11.727808
63.939263,17.506752,11.678517
63.939858,17.715681,11.674942
63.949263,20.363360,11.618465
63.950068,20.647313,11.613632
63.959160,23.220350,11.559034
63.960170,23.578541,11.552970
63.968954,26.077717,11.500217
63.970165,26.509373,11.492946
63.978649,28.935454,11.442002
63.980056,29.439814,11.433551
63.979096,31.788678,11.432003
63.979033,32.387102,11.434225
63.973568,34.657185,11.459729
63.972184,35.312600,11.469944
63.962258,37.546154,11.521713
63.959471,38.216634,11.540155
63.944870,40.456181,11.618920
63.940855,41.099520,11.644316
63.921098,43.387885,11.752353
63.918309,43.959291,11.768549
63.903711,46.341746,11.853317
63.901483,46.794186,11.866250
63.886018,49.296667,11.956054
63.884372,49.628086,11.965609
63.868011,52.252677,12.060612
63.866968,52.460965,12.066669
63.849683,55.209804,12.167039
63.849264,55.292798,12.169474
63.840796,56.295007,12.220532
63.821154,58.071076,12.310917
63.819218,58.223519,12.320334
63.788632,60.843409,12.461820
63.783251,61.247115,12.488072
63.754194,63.609472,12.623175
63.744841,64.278700,12.668923
63.717801,66.369086,12.795284
63.703906,67.318602,12.863430
63.679412,69.122064,12.978461
63.660359,70.367168,13.072165
63.642797,71.893302,13.156867
63.622219,73.373319,13.256116
63.606971,74.680367,13.329661
63.582972,76.382742,13.445411
63.570174,77.464550,13.507135
63.542568,79.395582,13.640286
63.532368,80.245730,13.689482
63.495283,82.388336,13.862041
63.485961,83.061477,13.908681
63.445591,85.373772,14.095316
63.438588,85.875768,14.130107
63.394822,88.360805,14.331140
63.390217,88.688542,14.353860
63.342941,91.349506,14.569629
63.340815,91.499730,14.580047
63.298894,93.838718,14.770165
63.289486,94.309388,14.808423
63.288735,94.340297,14.811309
63.232746,97.117956,15.037659
63.227427,97.334691,15.057987
63.176507,99.884248,15.257100
63.165004,100.374123,15.302084
63.118968,102.643270,15.482099
63.100474,103.418480,15.554419
63.059665,105.398169,15.713994
63.034922,106.481148,15.813303
63.001540,108.094357,15.940727
62.967735,109.573585,16.077146
62.942656,110.787101,16.173398
62.899604,112.670247,16.348084
62.882967,113.476241,16.412285
62.830472,115.771342,16.626460
62.822425,116.161603,16.657682
62.765907,118.631057,16.889544
62.760009,118.843166,16.909451
62.758955,118.877524,16.913160
62.685296,121.522512,17.163001
62.670800,121.993788,17.214280
62.609324,124.197607,17.423825
62.580999,125.115520,17.524504
62.535574,126.910017,17.683150
62.498344,128.186781,17.813179
62.460967,129.640206,17.943720
62.414655,131.301312,18.108627
62.388062,132.344616,18.200001
62.330519,134.451925,18.405899
62.315673,135.048611,18.457117
62.247439,137.601964,18.702475
62.243794,137.752171,18.715099
62.219782,138.671059,18.801870
62.164592,140.456381,18.970807
62.154678,140.754874,19.002198
62.081913,143.160721,19.225761
62.057533,143.909029,19.303290
61.999714,145.864621,19.481586
61.961455,147.062671,19.603787
61.917990,148.568059,19.738317
61.866454,150.215779,19.903655
61.836730,151.271012,19.995990
61.772536,153.368331,20.202858
61.754464,153.975624,20.260169
61.670866,156.431365,20.522667
61.662816,156.698667,20.548393
61.588550,158.897362,20.781004
61.569160,159.412785,20.835672
61.566434,159.478150,20.843232
61.468983,162.091116,21.117389
61.452343,162.492790,21.163438
61.368223,164.768911,21.399588
61.337840,165.507434,21.483481
61.266870,167.446146,21.682296
61.222926,168.522083,21.803363
61.164912,170.122798,21.965543
61.107601,171.536738,22.123083
61.062336,172.798839,22.249358
60.991863,174.551398,22.442642
60.959128,175.474243,22.533774
60.875714,177.566064,22.762041
60.855274,178.148978,22.818825
60.759860,180.593704,23.078881
60.751135,180.847850,23.103368
60.645871,183.533869,23.386238
60.643779,183.583984,23.391505
60.643550,183.588845,23.392059
60.529704,186.319375,23.677103
60.517102,186.587119,23.707514
60.414436,189.053945,23.963277
60.389407,189.585793,24.023373
60.297952,191.787661,24.250066
60.260445,192.584883,24.339668
60.180232,194.520483,24.537508
60.130199,195.584406,24.656431
60.061250,197.252374,24.825645
59.998648,198.584380,24.973695
59.940982,199.983291,25.114522
59.865774,201.584824,25.291497
59.819402,202.713189,25.404186
59.729606,204.637607,25.619564
59.700879,205.308601,25.687707
59.593068,207.718227,25.946828
59.585288,207.908293,25.965176
59.544839,208.856243,26.063340
59.466460,210.497370,26.232619
59.449699,210.834100,26.269737
59.343787,213.085508,26.499248
59.301275,213.951683,26.593738
59.221553,215.672903,26.767076
59.154014,217.069030,26.917745
59.099747,218.259527,27.036133
59.007920,220.186135,27.241745
58.978360,220.845356,27.306449
58.862997,223.302990,27.565725
58.857381,223.430361,27.578058
58.828547,224.054345,27.643106
58.727619,226.014006,27.846801
58.704101,226.421787,27.895056
58.585021,228.619530,28.137483
58.533630,229.527010,28.243079
58.443393,231.226275,28.427024
58.365377,232.630189,28.587561
58.302757,233.834280,28.715376
58.199383,235.731271,28.928404
58.167038,236.432133,28.993520
58.052434,238.859585,29.234449
58.045991,239.001142,29.247488
58.015574,239.654028,29.311797
57.914818,241.567728,29.499603
57.891885,241.992581,29.544036
57.780621,244.132639,29.752463
57.727565,245.127439,29.855812
57.647039,246.696250,30.007411
57.564514,248.262689,30.169035
57.514062,249.258524,30.264492
57.405868,251.343785,30.473305
57.377661,251.930976,30.527789
57.252207,254.397754,30.769884
57.242449,254.605487,30.788731
57.168277,256.094510,30.931846
57.103995,257.281586,31.045702
57.094283,257.451166,31.062889
56.961350,259.959203,31.298312
56.930743,260.504369,31.352470
56.820095,262.639064,31.548405
56.769712,263.555200,31.637543
56.673823,265.356162,31.809971
56.605678,266.531390,31.928325
56.523861,268.094205,32.074825
56.443258,269.505168,32.214149
56.374848,270.835249,32.336129
56.282544,272.476474,32.494918
56.226863,273.579393,32.593787
56.111768,275.485286,32.792132
56.066428,276.289722,32.871767
55.932862,278.517468,33.101225
55.905845,279.000813,33.148538
55.754214,281.548742,33.408218
55.745129,281.712682,33.424082
55.662130,283.118126,33.565784
55.580501,284.424759,33.697190
55.570163,284.580550,33.713494
55.411748,287.137016,33.967791
55.380395,287.612977,34.017091
55.242928,289.850096,34.237137
55.190991,290.644460,34.318557
55.087341,292.583771,34.483839
55.024455,293.680129,34.582366
54.937191,295.326049,34.721229
54.858067,296.715215,34.844922
54.786896,298.068792,34.957942
54.694582,299.727697,35.104147
54.646012,300.645227,35.180101
54.532856,302.721760,35.359646
54.506872,303.223738,35.400344
54.374092,305.713637,35.611418
54.369503,305.804373,35.618617
54.339293,306.383640,35.666730
54.225823,308.385867,35.832300
54.207124,308.705982,35.859964
54.081722,310.969199,36.043222
54.040133,311.696831,36.104865
53.939554,313.554793,36.252069
53.876365,314.685379,36.345897
53.799350,316.142701,36.458783
53.715854,317.671591,36.582989
53.655809,318.767910,36.672112
53.545853,320.677759,36.833888
53.504445,321.445354,36.895287
53.365490,323.759399,37.102292
53.349114,324.043677,37.126279
53.262917,325.512757,37.255041
53.190801,326.643398,37.353882
53.176273,326.866935,37.374159
53.028127,329.244273,37.577669
52.981758,329.974163,37.642557
52.867779,331.847657,37.799488
52.791397,333.078496,37.906660
52.709786,334.453607,38.019278
52.605219,336.179897,38.166391
52.554181,337.062183,38.236979
52.423255,339.278323,38.421672
52.400996,339.673445,38.452526
52.277309,341.821821,38.627479
52.248040,342.285489,38.665338
52.242507,342.372800,38.672632
52.088015,344.892205,38.872903
52.047481,345.452696,38.925811
51.925116,347.613799,39.087295
51.873774,348.464508,39.153873
51.767257,350.352136,39.294154
51.699596,351.476379,39.381708
51.608848,353.090178,39.500976
51.524945,354.488309,39.609319
51.449885,355.827917,39.707766
51.349818,357.500301,39.836706
51.290361,358.565346,39.914529
51.174214,360.512354,40.063872
51.130272,361.302458,40.121270
50.998131,363.524472,40.290819
50.969613,364.039248,40.327995
50.821567,366.536654,40.517550
50.808376,366.775706,40.534710
50.668270,369.146930,40.713719
50.645686,369.511448,40.741129
50.643078,369.549542,40.744268
50.474242,372.161422,40.947440
50.446547,372.580381,40.980762
50.299789,374.809075,41.157372
50.246342,375.616037,41.221676
50.127205,377.459762,41.365041
50.049902,378.649039,41.458044
49.957057,380.113919,41.569768
49.857238,381.679382,41.689858
49.789368,382.771579,41.771526
49.668357,384.707059,41.917107
49.624164,385.432778,41.970283
49.483269,387.732063,42.139780
49.461469,388.097551,42.166010
49.301983,390.754390,42.357867
49.301309,390.765933,42.358678
49.296080,390.854894,42.364968
49.134556,393.432881,42.546908
49.110281,393.780041,42.574308
48.953345,396.057928,42.750791
48.899966,396.822009,42.811077
48.771909,398.682524,42.955165
48.689432,399.864208,43.048367
48.601767,401.329987,43.147158
48.505715,402.888152,43.255603
48.439307,403.994176,43.330455
48.320553,405.913113,43.464559
48.275728,406.656760,43.515095
48.133930,408.939102,43.675255
48.111018,409.317722,43.701092
47.945830,411.966130,43.887711
47.945167,411.977048,43.888459
47.940244,412.055672,43.894023
47.768475,414.629464,44.075549
47.743101,414.998591,44.102411
47.590228,417.279976,44.264004
47.542435,418.028803,44.314481
47.424595,419.971633,44.439316
47.356508,421.047108,44.511198
47.259310,422.663838,44.614127
47.171344,424.064868,44.706959
47.094382,425.356598,44.788428
46.986955,427.082074,44.901751
46.924148,428.060365,44.968569
46.787287,430.098266,45.111917
46.744140,430.784555,45.157739
46.590902,433.112059,45.317912
46.566287,433.512163,45.344008
46.397861,436.123419,45.519693
46.390652,436.243266,45.527323
46.314883,437.443232,45.606194
46.213126,438.975541,45.706994
46.202067,439.134472,45.717781
46.034823,441.709645,45.883166
46.002320,442.146047,45.914957
45.841022,444.369385,46.073522
45.781854,445.167699,46.131350
45.647463,447.029613,46.263366
45.561963,448.188895,46.346862
45.454148,449.690335,46.452693
45.342655,451.209633,46.561489
45.261082,452.351557,46.641500
45.123935,454.229908,46.775227
45.074240,455.010555,46.823773
44.928951,457.236546,46.965921
44.901786,457.662574,46.992462
44.733030,460.243798,47.157598
44.728574,460.313568,47.161952
44.694657,460.831483,47.195147
44.546299,462.958797,47.331060
44.525104,463.255310,47.350505
44.361171,465.601778,47.500713
44.311599,466.271975,47.546168
44.168993,468.253405,47.676931
44.091741,469.301285,47.747768
43.976728,470.904923,47.853229
43.871979,472.330535,47.949280
43.784375,473.556330,48.029608
43.652315,475.359726,48.150702
43.591934,476.207626,48.206069
43.432750,478.388855,48.352035
43.399404,478.858810,48.382612
43.213285,481.417924,48.553278
43.207120,481.509311,48.558891
43.169081,482.063255,48.594065
43.015189,484.138128,48.725411
42.988373,484.493310,48.748633
42.820590,486.765079,48.892090
42.760066,487.570014,48.944598
42.626098,489.391700,49.059346
42.530667,490.631690,49.142083
42.426554,492.009250,49.231638
42.299409,493.671781,49.341996
42.227657,494.627333,49.403783
42.069291,496.711345,49.541396
42.029410,497.245955,49.575777
41.840319,499.750380,49.740277
41.831816,499.865120,49.747615
41.777864,500.584357,49.794605
41.625190,502.479382,49.917983
41.599616,502.792969,49.938832
41.415569,505.092118,50.087728
41.355239,505.836564,50.136969
41.206607,507.705381,50.257347
41.112050,508.879624,50.334612
41.003119,510.344719,50.423561
40.885458,511.870763,50.519003
40.800748,513.002355,50.588116
40.644621,514.882141,50.714521
40.581003,515.667583,50.766395
40.396225,517.905151,50.915831
40.361729,518.333590,50.943929
40.148766,520.927505,51.115969
40.142934,521.000384,51.120715
40.098014,521.550740,51.156963
39.915841,523.662904,51.295594
39.890333,523.952980,51.314849
39.686967,526.324898,51.469441
39.629802,526.978766,51.512546
39.458592,528.987682,51.642555
39.370269,530.003879,51.709079
39.230723,531.651265,51.814931
39.111745,533.028313,51.904444
39.003368,534.315652,51.986565
38.854238,536.052066,52.098637
38.776950,536.985553,52.157192
38.598255,539.085420,52.291914
38.554143,539.615132,52.325159
38.337991,542.122189,52.488129
38.327982,542.240792,52.495672
38.262788,542.987184,52.544829
38.082472,544.847285,52.671612
38.050896,545.170368,52.693822
37.828298,547.445059,52.850344
37.751454,548.223966,52.904397
37.572025,550.040418,53.030572
37.448650,551.279392,53.117360
37.313655,552.633363,53.212294
37.142470,554.336650,53.332721
37.053189,555.223895,53.395510
36.832901,557.395748,53.550488
36.790628,557.812015,53.580220
36.558797,560.076975,53.743328
36.523931,560.396100,53.766233
36.517397,560.458312,53.770511
36.248204,563.050535,53.947770
36.194721,563.553780,53.982747
35.984147,565.684974,54.120988
35.890042,566.626735,54.182659
35.724222,568.316248,54.291491
35.586983,569.698780,54.381406
35.465153,570.948504,54.461346
35.285552,572.769908,54.578984
35.206949,573.581752,54.630547
34.985759,575.840116,54.775388
34.949617,576.216000,54.799091
34.727532,578.499032,54.944480
34.690982,578.849549,54.966790
34.684534,578.910675,54.970719
34.419150,581.473095,55.132664
34.365143,581.988524,55.165563
34.148205,584.097640,55.297910
34.028233,585.066106,55.371157
33.835924,586.619238,55.488261
33.646141,588.146803,55.604195
33.522820,589.139867,55.679331
33.262600,591.228305,55.838381
33.217015,591.667716,55.866116
32.981965,593.913932,56.010210
32.946102,594.230724,56.030483
32.938592,594.296488,56.034760
32.654997,596.777089,56.195269
32.585836,597.376819,56.234699
32.361426,599.320647,56.361865
32.228817,600.459460,56.437555
32.065391,601.861395,56.530275
31.867515,603.544424,56.643347
31.766893,604.399333,56.700503
31.501908,606.631723,56.852096
31.465935,606.934460,56.872555
31.285465,608.332947,56.975553
31.127073,609.471788,57.059197
31.089979,609.735139,57.078785
30.771082,611.994586,57.247189
30.648716,612.850785,57.311808
30.410707,614.512819,57.437496
30.199361,615.970504,57.549104
30.045954,617.026493,57.630116
29.741852,619.094328,57.790707
29.678003,619.541919,57.824513
29.388863,621.496445,57.976621
29.297889,622.070301,58.021028
29.274789,622.210891,58.032233
28.892761,624.577545,58.218457
28.764243,625.345997,58.280720
28.479777,627.076856,58.419196
28.239576,628.487932,58.535414
28.058839,629.568141,58.623275
27.722746,631.635164,58.786154
27.657516,632.043663,58.817767
27.413713,633.528139,58.935919
27.239927,634.505207,59.013343
27.186964,634.794805,59.036938
26.799980,636.948004,59.209342
26.610805,637.971779,59.293621
26.354188,639.384811,59.407947
26.023863,641.154059,59.555109
25.902470,641.815549,59.609190
25.505649,643.919039,59.785977
25.440377,644.236734,59.812585
25.417471,644.345209,59.821923
24.943140,646.629042,60.015285
24.743352,647.565035,60.096728
24.418221,648.975575,60.228983
23.977083,650.837179,60.409410
23.870099,651.286892,60.452999
23.599686,652.379711,60.563492
23.271604,653.594770,60.685319
23.121262,654.139556,60.741145
22.639075,655.873913,60.920197
22.184017,657.476050,61.089173
21.993861,658.140735,61.159784
21.595774,659.503327,61.307606
21.267987,660.434819,61.415902
21.083581,660.949107,61.476827
20.422632,662.779601,61.695196
19.740975,664.632984,61.920406
19.562553,665.114826,61.979354
19.258132,665.922208,62.079930
18.627524,667.404089,62.262648
18.177338,668.442790,62.393088
17.644796,669.663894,62.547391
16.905017,671.329917,62.761740
16.616962,671.895824,62.833650
16.378227,672.386417,62.893247
15.542033,674.100687,63.101995
14.536440,676.064128,63.353031
14.412215,676.270902,63.379125
14.262461,676.508112,63.410581
13.107507,678.333981,63.653183
12.152389,679.772539,63.853809
11.700525,680.333820,63.931067
10.803636,681.393059,64.084415
10.085759,682.206268,64.207157
9.752796,682.563231,64.264084
8.183995,683.903626,64.471797
7.337716,684.584964,64.583841
5.962297,685.406729,64.713568
4.907232,685.995602,64.813075
3.228188,686.599803,64.908303
2.461340,686.852309,64.951792
0.724551,687.094933,64.985808
0.000000,687.166473,65.000000
-0.599340,687.128437,64.988742
-2.361970,686.935244,64.955719
-3.348029,686.639782,64.902133
-4.711127,686.189184,64.827836
-6.125928,685.440716,64.699806
-7.049132,684.915290,64.616073
-8.348595,683.906115,64.450953
-9.376196,683.056085,64.320120
-10.229865,682.164554,64.180054
-11.692560,680.545431,63.939620
-11.886695,680.286356,63.900497
-12.203320,679.839634,63.836576
-13.286802,678.259762,63.617913
-13.991919,677.184235,63.475610
-14.560820,676.159356,63.339219
-15.142051,675.065180,63.199871
-15.713426,673.985757,63.062886
-16.275680,672.874471,62.928088
