-18.013953,336.588634,62.440652
-18.706514,335.038538,62.237681
-19.030962,334.319135,62.142594
-19.432702,333.458439,62.025432
-20.010818,332.019867,61.832085
-20.442116,330.947403,61.689229
-20.952490,329.698422,61.519219
-21.623150,328.058351,61.297945
-21.880789,327.340249,61.201359
-22.080855,326.782944,61.127003
-22.770785,324.889092,60.869299
-23.642514,322.497608,60.546475
-23.661904,322.438220,60.538469
-23.675467,322.396708,60.532917
-24.483759,319.959308,60.200308
-25.084193,318.149982,59.955344
-25.309167,317.481789,59.863086
-25.618761,316.562917,59.737203
-26.097215,314.989269,59.521513
-26.408882,313.965037,59.382213
-26.864750,312.488587,59.177372
-27.551525,310.391839,58.871436
-27.653626,310.047383,58.821258
-27.717975,309.829600,58.789904
-28.392406,307.585832,58.459505
-28.931593,305.786450,58.197612
-29.133211,305.124750,58.099156
-29.441514,304.109847,57.949874
-29.844729,302.651774,57.735382
-30.082536,301.789387,57.609970
-30.529546,300.164987,57.373632
-31.115775,298.001942,57.063398
-31.207034,297.673348,57.015133
-31.378150,297.047919,56.924550
-31.853185,295.169198,56.651969
-32.077950,294.266813,56.522874
-32.488094,292.660479,56.287455
-33.020194,290.545514,55.981749
-33.121847,290.151151,55.923383
-33.327423,289.381940,55.805232
-33.764732,287.617123,55.533740
-33.975657,286.756666,55.402656
-34.396949,285.079189,55.141017
-34.922195,282.965559,54.814483
-35.030013,282.541812,54.747500
-35.242742,281.697035,54.615207
-35.641314,279.996330,54.348259
-35.824711,279.205600,54.225299
-36.242309,277.447196,53.945513
-36.710413,275.455942,53.631568
-36.844443,274.898799,53.541739
-37.122046,273.733258,53.355498
-37.430813,272.344725,53.132983
-37.567045,271.725910,53.034705
-38.004089,269.786038,52.719643
-38.400006,268.011342,52.433939
-38.586593,267.227563,52.299609
-38.963156,265.490422,52.027613
-39.128270,264.650243,51.899538
-39.197473,264.294378,51.845825
-39.649085,262.039421,51.495452
-39.943823,260.552579,51.266644
-40.172736,259.430216,51.089012
-40.685944,256.888657,50.690528
-40.698440,256.822404,50.680158
-40.703607,256.794729,50.675867
-41.200108,254.209508,50.263747
-41.417864,253.064503,50.082885
-41.704447,251.598184,49.844960
-42.145846,249.318023,49.478279
-42.211370,248.988383,49.423870
-42.357382,248.246925,49.302552
-42.702101,246.375518,48.996541
-42.846198,245.585862,48.868543
-43.187800,243.762336,48.565241
-43.559775,241.820747,48.234981
-43.690128,241.163768,48.119195
-43.962800,239.751953,47.877150
-44.176995,238.560171,47.673874
-44.267610,238.041970,47.587937
-44.646516,235.951230,47.228420
-44.939042,234.293175,46.951050
-45.111331,233.334073,46.787958
-45.542257,230.872304,46.377758
-45.569686,230.704933,46.350024
-45.579470,230.643632,46.340073
-46.005998,228.070093,45.908071
-46.174239,227.028420,45.736680
-46.441212,225.434967,45.465820
-46.772402,223.407607,45.127877
-46.875346,222.799565,45.023258
-47.141448,221.188399,44.751284
-47.300423,220.161910,44.578706
-47.359108,219.785344,44.514786
-47.719791,217.549141,44.122119
-47.949448,216.087541,43.871924
-48.136763,214.934838,43.667958
-48.539915,212.389378,43.228664
-48.551425,212.319058,43.216129
-48.578298,212.150684,43.186840
-48.943932,209.697052,42.761925
-49.084383,208.730038,42.598585
-49.333182,207.073483,42.309388
-49.626251,205.072375,41.968488
-49.720630,204.448734,41.858761
-49.953721,202.869928,41.587573
-50.098418,201.820980,41.408004
-50.151221,201.428428,41.342425
-50.467367,199.192175,40.949903
-50.664238,197.775152,40.705466
-50.838662,196.564934,40.488903
-51.188783,194.067490,40.055126
-51.206153,193.947969,40.033541
-51.245505,193.670779,39.984845
-51.554602,191.325957,39.575106
-51.677599,190.370495,39.412785
-51.900262,188.702616,39.117991
-52.164931,186.673659,38.769121
-52.245367,186.078470,38.662760
-52.436203,184.634102,38.411511
-52.579730,183.448466,38.208127
-52.632729,182.996406,38.133384
-52.900120,180.810756,37.754958
-53.073636,179.347384,37.510550
-53.218974,178.171451,37.305120
-53.515469,175.698126,36.887997
-53.536377,175.530619,36.858482
-53.589035,175.095972,36.784490
-53.836457,172.886714,36.410593
-53.927706,172.080359,36.273048
-54.145863,170.238934,35.944204
-54.343237,168.493438,35.646689
-54.450264,167.583564,35.485642
-54.742847,164.969605,35.043255
-54.748996,164.917412,35.033991
-54.767144,164.755670,35.006518
-55.029095,162.247231,34.582634
-55.105543,161.476971,34.458271
-55.304732,159.574414,34.135528
-55.462386,157.991390,33.878731
-55.577017,156.899161,33.692753
-55.815636,154.511013,33.303576
-55.846084,154.221579,33.254113
-55.942881,153.255850,33.096038
-56.102671,151.540982,32.816453
-56.146177,151.049941,32.739889
-56.351095,148.857843,32.380859
-56.467569,147.606800,32.175722
-56.604866,146.218649,31.934756
-56.793198,144.179572,31.602686
-56.852556,143.574343,31.498395
-57.044537,141.479500,31.159505
-57.091521,140.924943,31.070331
-57.103483,140.773237,31.047507
-57.314027,138.270073,30.647438
-57.382149,137.400451,30.517303
-57.536260,135.601836,30.223495
-57.672202,133.931788,29.964430
-57.758793,132.926914,29.799361
-57.960398,130.466853,29.415198
-57.979200,130.249852,29.379360
-58.039826,129.514867,29.263846
-58.186702,127.569685,28.960209
-58.225986,127.022058,28.879033
-58.388256,124.887207,28.543605
-58.480804,123.593278,28.352321
-58.586155,122.203700,28.134611
-58.731027,120.180427,27.835166
-58.781311,119.517310,27.731248
-58.959428,117.032365,27.363071
-58.972802,116.828065,27.332968
-58.976015,116.776000,27.325734
-59.149132,114.135021,26.936051
-59.194825,113.396203,26.833173
-59.323254,111.439492,26.544068
-59.411110,110.022008,26.346248
-59.495256,108.741581,26.156818
-59.624968,106.653195,25.864739
-59.666148,106.042213,25.772017
-59.820105,103.640490,25.425397
-59.837391,103.343949,25.382801
-59.841394,103.271584,25.372938
-59.996367,100.644090,24.991056
-60.033944,99.914259,24.898465
-60.144192,97.930960,24.626809
-60.212748,96.590929,24.457883
-60.288761,95.213860,24.270582
-60.387183,93.278102,24.028065
-60.430226,92.492971,23.922005
-60.557465,89.975257,23.608477
-60.568727,89.768467,23.580728
-60.618317,88.781426,23.458535
-60.697442,87.040029,23.243952
-60.711954,86.691711,23.204594
-60.819676,84.308047,22.912457
-60.856421,83.422125,22.812806
-60.939547,81.572943,22.587370
-60.997876,80.160377,22.429183
-61.057156,78.834849,22.268419
-61.136456,76.906116,22.053357
-61.172346,76.093542,21.956024
-61.270989,73.662307,21.688506
-61.284557,73.348303,21.651711
-61.355561,71.563072,21.459150
-61.388958,70.608026,21.357354
-61.393167,70.472775,21.344523
-61.481937,67.879923,21.073942
-61.497496,67.368863,21.026514
-61.571993,65.146618,20.799440
-61.598026,64.272613,20.720089
-61.659228,62.408295,20.533538
-61.694915,61.183704,20.424758
-61.743738,59.665125,20.275939
-61.788316,58.101830,20.140061
-61.825617,56.917274,20.026361
-61.878371,55.026703,19.865562
-61.904954,54.164898,19.784535
-61.965216,51.958050,19.600849
-61.981832,51.408149,19.550201
-62.027445,48.939040,19.411166
-62.035597,48.620953,19.386803
-62.091382,46.097245,19.212588
-62.095110,45.928480,19.201442
-62.144431,43.276814,19.046221
-62.145462,43.221351,19.043141
-62.174824,41.281172,18.949854
-62.185948,40.499352,18.912212
-62.186193,40.477314,18.911314
-62.216618,37.762335,18.808957
-62.217138,37.698151,18.807009
-62.239231,35.010314,18.733650
-62.239601,34.938385,18.732212
-62.253800,32.243134,18.686599
-62.253902,32.197500,18.686158
-62.258769,30.128112,18.672517
-62.259842,29.475093,18.668179
-62.259866,29.460597,18.668128
-62.255464,26.771110,18.677869
-62.255288,26.662340,18.678600
-62.229687,23.945125,18.759160
-62.226861,23.712253,18.768621
-62.190730,21.181325,18.877324
-62.174795,20.624018,18.929180
-62.110144,18.517111,19.130151
-62.059498,17.416615,19.294362
-61.989074,15.951452,19.516427
-61.867155,14.062151,19.912304
-61.828651,13.483334,20.034948
-61.727590,12.283743,20.364219
-61.627713,11.126464,20.647450
-61.575073,10.580822,20.799568
-61.395297,8.862742,21.312979
-61.180686,7.001028,21.935913
-61.139202,6.664323,22.055174
-61.078922,6.215577,22.230980
-60.834046,4.535760,22.867366
-60.628091,3.235848,23.409379
-60.499823,2.466061,23.744674
-60.337179,1.982840,24.172026
-59.923740,0.777642,25.154783
-59.445023,-0.424914,26.291144
-59.282166,-0.828919,26.643023
-58.813866,-1.836559,27.653601
-58.563141,-2.359887,28.194822
-58.481359,-2.509076,28.371156
-57.758399,-3.821610,29.797358
-57.446235,-4.319060,30.412529
-56.878046,-5.224510,31.441560
-56.339363,-5.980845,32.416204
-55.918698,-6.573978,33.118379
-55.160748,-7.518736,34.382401
-54.877375,-7.874765,34.819843
-53.910394,-8.951999,36.311292
-53.751440,-9.131077,36.538894
-52.588302,-10.296103,38.203016
-52.526900,-10.323023,38.284585
-51.845420,-10.956140,39.188957
-51.340503,-11.503756,39.859059
-51.258610,-11.593299,39.967740
-50.130595,-12.710617,41.365145
-49.876739,-12.964187,41.679619
-48.856795,-13.885215,42.859665
-48.442197,-14.262881,43.339334
-47.514422,-15.024926,44.342188
-46.954985,-15.488612,44.946886
-46.098272,-16.126834,45.812233
-45.415103,-16.640604,46.502275
-44.602543,-17.187688,47.269266
-43.822553,-17.718067,48.005502
-43.020752,-18.203853,48.712689
-42.177336,-18.720202,49.456568
-41.345625,-19.171253,50.141831
-40.479454,-19.646196,50.855474
-39.568974,-20.085301,51.555938
-38.724798,-20.599904,52.205268
-37.748616,-21.096415,52.902449
-36.863981,-21.559055,53.534032
-35.785547,-22.063526,54.249329
-34.966640,-22.457991,54.792302
-33.735244,-22.984900,55.548735
-33.032793,-23.294951,55.980093
-31.590203,-23.855970,56.798230
-31.062459,-24.068106,57.097423
-29.341887,-24.671544,57.995040
-29.055659,-24.775553,58.144310
-27.207547,-25.354567,59.027513
-27.011408,-25.413478,59.121231
-26.974270,-25.422102,59.137369
-24.919184,-25.953924,60.032452
-24.397661,-26.053642,60.237833
-22.787930,-26.402925,60.873260
-21.635188,-26.575703,61.281859
-20.617409,-26.753656,61.643503
-18.797214,-27.403628,62.215302
-18.416673,-27.486592,62.335017
-17.730645,-27.600545,62.524392
-16.161789,-27.896130,62.957471
-15.239736,-28.024600,63.176885
-13.893420,-28.250460,63.497259
-11.809038,-28.495057,63.914821
-11.611565,-28.522959,63.954381
-11.476144,-28.535636,63.976473
-9.316224,-28.794345,64.328837
-7.477818,-28.924502,64.561174
-7.007397,-28.970113,64.620626
-6.420828,-28.997442,64.673447
-4.685084,-29.125799,64.829750
-3.198493,-29.164965,64.910233
-2.349285,-29.207659,64.956208
-1.430012,-29.208888,64.973344
0.000000,-29.252027,65.000000
1.281366,-29.197926,64.977114
2.256222,-29.187080,64.959702
3.291438,-29.125318,64.905871
4.500477,-29.082323,64.843002
5.709318,-28.982386,64.738431
6.732764,-28.928266,64.649898
7.692315,-28.829822,64.533426
8.953084,-28.733450,64.380392
10.388343,-28.554496,64.155577
11.161436,-28.480059,64.034482
11.799722,-28.386089,63.911755
13.357820,-28.200821,63.612169
15.384427,-27.859691,63.149483
15.542237,-27.837374,63.113454
15.656543,-27.815242,63.083193
17.714687,-27.479692,62.538335
19.303807,-27.140145,62.059115
19.875256,-27.010694,61.886785
20.591190,-26.866339,61.642339
22.057967,-26.570127,61.141527
23.394107,-26.212044,60.632721
24.204295,-26.036127,60.324203
25.096226,-25.786239,59.948229
26.314081,-25.480108,59.434865
27.300709,-25.165449,58.977367
28.387320,-24.877782,58.473515
29.732694,-24.434630,57.790912
30.424013,-24.225784,57.440154
30.924316,-24.039982,57.163661
32.424167,-23.569253,56.334780
34.311414,-22.851449,55.203182
34.387769,-22.826614,55.157399
34.494629,-22.785004,55.088118
36.314840,-22.121017,53.908002
37.489117,-21.612121,53.087223
38.205362,-21.343477,52.586598
39.434369,-20.650467,51.660495
39.969011,-20.369140,51.257620
40.221956,-20.211519,51.053425
41.680520,-19.361376,49.875987
42.639337,-18.707641,49.047224
43.339881,-18.259048,48.441708
44.851244,-17.138141,47.043461
44.947096,-17.071140,46.954784
45.235808,-16.839294,46.668950
46.502174,-15.860371,45.415206
46.883850,-15.521058,45.010852
47.994928,-15.035094,43.834133
49.291336,-14.218764,42.365425
49.430878,-14.127973,42.207455
49.776240,-13.830454,41.789078
50.814151,-13.001776,40.531336
51.163949,-12.635788,40.077516
52.144366,-11.578308,38.806762
52.684151,-10.867038,38.051865
53.515468,-9.808509,36.890614
54.050972,-9.048888,36.082511
54.811513,-8.005512,34.936217
55.325732,-7.218423,34.096429
56.032553,-6.171278,32.943574
56.512244,-5.376728,32.092881
57.178634,-4.307616,30.912687
57.613889,-3.524762,30.071213
58.249802,-2.416197,28.843559
58.633670,-1.663382,28.030844
59.246096,-0.498569,26.736193
59.574267,0.206652,25.971255
60.140250,1.969462,24.657405
60.235740,2.280639,24.411100
60.438025,3.078959,23.893129
60.784815,4.438860,23.002827
60.943969,5.208266,22.597686
61.233414,6.688793,21.771434
61.521338,8.562070,20.958271
61.595629,9.039571,20.747179
61.666715,9.643929,20.547842
61.835939,11.424712,20.003184
61.903574,12.377166,19.790052
62.008298,13.896797,19.454019
62.094462,15.738040,19.185563
62.127493,16.478547,19.079580
62.185680,18.885743,18.901989
62.191932,19.171260,18.881696
62.199935,21.871022,18.862683
62.199999,21.976255,18.862228
62.226026,24.394072,18.781249
62.229965,24.810005,18.767280
62.230113,24.827931,18.766754
62.239372,27.639187,18.728584
62.239875,27.800212,18.727107
62.239730,30.487935,18.722501
62.239669,30.749872,18.723200
62.230683,33.356984,18.749791
62.229520,33.677256,18.754454
62.211827,36.246932,18.811405
62.209451,36.582703,18.820302
62.182741,39.158400,18.908330
62.179484,39.466543,18.920189
62.142986,42.092034,19.041593
62.139642,42.329102,19.053572
62.092107,45.048509,19.212264
62.089946,45.170697,19.219915
62.044185,47.338916,19.372822
62.029275,47.991487,19.418763
62.028282,48.028792,19.421686
61.975711,50.786543,19.579610
61.969132,51.033907,19.599640
61.907495,53.525095,19.782800
61.891617,54.099190,19.831237
61.835980,56.256883,19.997057
61.809635,57.173632,20.077587
61.761090,58.981718,20.222695
61.723018,60.257613,20.339306
61.682745,61.699403,20.460039
61.631591,63.351530,20.617040
61.600863,64.409737,20.709425
61.535167,66.455807,20.911475
61.515358,67.112507,20.971203
61.433550,69.570888,21.223334
61.426141,69.807494,21.245738
61.375967,71.263094,21.400702
61.328335,72.460446,21.528864
61.319010,72.678679,21.554363
61.220976,75.063287,21.818807
61.186896,75.767595,21.910905
61.105412,77.746753,22.135248
61.056875,78.800675,22.265174
60.988805,80.438615,22.451789
60.923777,81.836780,22.625160
60.869679,83.126224,22.772840
60.787481,84.876037,22.991114
60.747944,85.809410,23.098586
60.647859,87.918585,23.363298
60.623504,88.487993,23.429222
60.504776,90.964568,23.741991
60.496257,91.161785,23.764953
60.428802,92.554320,23.941945
60.362194,93.830657,24.103771
60.351428,94.016389,24.129334
60.220727,96.494410,24.445632
60.186721,97.074602,24.526078
60.075925,99.152745,24.793161
60.013098,100.163888,24.943561
59.924262,101.682358,25.154611
59.823043,103.315023,25.397333
59.775144,104.204397,25.510657
59.646216,106.463948,25.822404
59.632661,106.714998,25.854592
59.576786,107.691137,25.990187
59.479504,109.219232,26.201619
59.452286,109.623229,26.261904
59.318511,111.716800,26.553664
59.245789,112.791563,26.715285
59.154978,114.207350,26.914040
59.035448,115.966050,27.180601
58.988790,116.690599,27.283079
58.821075,119.146968,27.658386
58.819829,119.166244,27.661133
58.815222,119.233398,27.671478
58.633059,121.634214,28.040280
58.577011,122.330765,28.154257
58.436997,124.202466,28.440780
58.335678,125.470459,28.646493
58.239399,126.768700,28.843219
58.093280,128.610707,29.139422
58.040208,129.332822,29.247698
57.849795,131.751533,29.633083
57.839915,131.892252,29.653002
57.801377,132.408069,29.731999
57.636827,134.405229,30.036583
57.587708,134.966699,30.128829
57.428265,136.912955,30.424797
57.317238,138.187718,30.633909
57.217286,139.414937,30.819974
57.044062,141.412834,31.147179
57.003739,141.910886,31.222455
56.858164,143.597632,31.498233
56.782036,144.400890,31.629145
56.757716,144.642237,31.671405
56.545509,146.890702,32.037920
56.451486,147.838359,32.201574
56.308624,149.379040,32.448704
56.147109,151.033464,32.730302
56.071336,151.865830,32.861582
55.844625,154.227510,33.257512
55.833598,154.350993,33.276646
55.792205,154.789829,33.349056
55.582139,156.835511,33.685432
55.517942,157.428458,33.788980
55.327300,159.318498,34.094711
55.187578,160.630162,34.320442
55.067436,161.814357,34.514585
54.853891,163.779979,34.857198
54.798733,164.323290,34.946193
54.570697,166.418888,35.311491
54.523210,166.826449,35.382370
54.510301,166.935683,35.401500
54.241482,169.357347,35.802103
54.153195,170.108683,35.932735
53.957311,171.885601,36.224190
53.794101,173.282700,36.465291
53.670607,174.411092,36.648751
53.432968,176.457777,36.999236
53.381274,176.933693,37.075912
53.169608,178.768339,37.387590
53.085271,179.453337,37.503625
53.061380,179.636472,37.536277
52.775942,181.969995,37.928400
52.665243,182.823155,38.079462
52.463544,184.483346,38.356128
52.266396,186.011336,38.624741
52.147949,186.993227,38.786966
51.864751,189.201082,39.172223
51.827684,189.502491,39.223133
51.711661,190.397067,39.381515
51.501641,191.879356,39.647389
51.421064,192.434758,39.749920
51.170833,194.237680,40.067108
50.967666,195.666334,40.325986
50.841239,196.596998,40.486448
50.521397,198.893266,40.894553
50.512884,198.957348,40.905372
50.488593,199.135553,40.936410
50.170725,201.314555,41.315102
50.048996,202.127954,41.460865
49.828605,203.672430,41.723763
49.581549,205.358803,42.020004
49.487759,206.031350,42.132025
49.224197,207.870746,42.448490
49.144503,208.390285,42.537748
49.113361,208.587914,42.572801
48.789663,210.746542,42.935806
48.614410,211.829658,43.133083
48.416044,213.106316,43.355992
48.102444,215.081258,43.709234
48.043633,215.467431,43.775362
47.881729,216.507130,43.957851
47.662761,217.827003,44.188581
47.576512,218.335519,44.279675
47.283971,220.192196,44.587904
47.059865,221.590562,44.825021
46.908908,222.560391,44.984245
46.547369,224.843290,45.367201
46.534266,224.928528,45.381036
46.498156,225.159337,45.419328
46.141877,227.288924,45.771917
46.002633,228.106704,45.910282
45.747852,229.648285,46.162694
45.458295,231.369186,46.450745
45.354123,232.007419,46.554059
45.053639,233.753541,46.852571
44.938724,234.379333,46.959503
44.894266,234.616420,47.000839
44.508868,236.745446,47.359385
44.301427,237.867188,47.552217
44.079376,239.112118,47.758752
43.714376,241.114394,48.097970
43.650263,241.479369,48.157590
43.471777,242.473096,48.323431
43.209158,243.841718,48.551950
43.105988,244.367655,48.641653
42.759510,246.200600,48.943076
42.484287,247.624157,49.182317
42.313548,248.564563,49.330797
41.877376,250.879201,49.709971
41.868196,250.930054,49.717954
41.842716,251.065955,49.740102
41.399389,253.283149,50.100706
41.220759,254.146143,50.245771
40.922466,255.641321,50.488510
40.565647,257.394403,50.778042
40.446723,258.001242,50.874741
40.120224,259.633522,51.139450
39.965706,260.360374,51.256827
39.904531,260.642356,51.303167
39.471577,262.715547,51.631790
39.219942,263.895731,51.822241
38.978690,265.072487,52.005212
38.544940,267.143696,52.333220
38.487104,267.431260,52.377049
38.327471,268.207877,52.497665
37.983774,269.773864,52.740209
37.843315,270.404510,52.839051
37.476548,272.110837,53.097665
37.136975,273.667078,53.336417
36.972037,274.451217,53.452623
36.558833,276.188284,53.743304
36.423837,276.718917,53.832006
36.357898,276.978039,53.875334
35.885956,279.005250,54.185425
35.584547,280.282885,54.383490
35.351671,281.295431,54.536508
34.818177,283.584020,54.887096
34.817730,283.585987,54.887390
34.816689,283.590508,54.888074
34.258272,285.858865,55.230011
33.996713,286.906856,55.390191
33.698833,288.131772,55.572599
33.182406,290.225940,55.888873
33.139465,290.404746,55.915169
33.043654,290.798087,55.973849
32.556928,292.661391,56.250869
32.317516,293.564961,56.387146
31.969330,294.914356,56.585324
31.442738,296.908582,56.885063
31.376921,297.164454,56.922526
31.238297,297.699170,57.001432
30.763727,299.400716,57.251728
30.518877,300.271720,57.380866
30.145806,301.634483,57.577630
29.594129,303.633521,57.868594
29.530378,303.870911,57.902217
29.400076,304.352145,57.970941
28.891471,306.091323,58.218642
28.619383,307.014051,58.351155
28.249846,308.293394,58.530838
27.635380,310.408432,58.831046
27.613040,310.487101,58.841926
27.571239,310.633431,58.862383
26.941781,312.656427,59.144375
26.573263,313.833670,59.310261
26.269868,314.825336,59.446408
25.707594,316.590230,59.699363
25.563300,317.008307,59.758708
25.475460,317.262148,59.794835
24.824079,319.168264,60.062732
24.292560,320.719517,60.281333
24.086187,321.329540,60.366210
23.737890,322.356321,60.509456
23.325129,323.474496,60.663800
23.057977,324.196246,60.763696
22.543224,325.604727,60.956178
21.779258,327.689367,61.241847
21.762387,327.736001,61.248156
21.735590,327.809865,61.258176
20.785566,329.998634,61.574307
20.098597,331.575320,61.802903
19.801483,332.265746,61.901771
19.383681,333.232882,62.040799
18.757634,334.497471,62.223483
18.242829,335.566177,62.373705
17.690823,336.716452,62.534784
17.015983,338.132655,62.731705
16.585555,338.912919,62.839912
16.164237,339.682294,62.945828
15.436702,341.084836,63.128725
14.632496,342.650538,63.330896
14.268501,343.246106,63.407885
13.858695,343.923599,63.494564
13.001862,345.349278,63.675793
12.233219,346.641687,63.838370
11.668766,347.413284,63.935542
10.827725,348.575868,64.080329
10.226075,349.412489,64.183904
9.818153,349.986167,64.254129
8.604968,351.305980,64.415851
7.387299,352.647104,64.578171
6.812631,353.097943,64.632739
4.940655,354.453785,64.810497
4.563668,354.616818,64.832023
2.478222,355.549073,64.951106
1.564600,355.690537,64.969132
0.000000,355.949658,65.000000
-1.654065,355.695077,64.966783
-2.519761,355.573577,64.949398
-4.767907,354.597969,64.818879
-5.022941,354.492014,64.804072
-7.070699,353.043284,64.606388
-7.503611,352.740342,64.564714
-8.941535,351.273199,64.370053
-9.932493,350.268920,64.236547
-10.595985,349.380525,64.120778
-11.679151,347.939203,63.932639
-12.090273,347.397187,63.861106
-12.338056,347.072511,63.818187
-13.412616,345.316697,63.588647
-14.684140,343.251090,63.318206
-14.704229,343.218790,63.313925
-14.720942,343.192072,63.310378
-15.843949,341.035261,63.025976
-16.896915,339.024087,62.760420
-16.986711,338.852253,62.737749
-17.084260,338.665186,62.713120
-18.013953,336.588634,62.440652
