-16.942530,127.650707,62.747632
-18.489290,126.404715,62.304757
-18.979368,126.011306,62.164436
-19.051584,125.953271,62.143699
-20.888743,124.263999,61.542940
-21.467009,123.723606,61.352799
-22.684940,122.334545,60.902878
-23.597034,121.281679,60.564319
-24.367068,120.299067,60.249713
-25.697214,118.581493,59.703662
-25.950731,118.222113,59.589807
-26.584617,117.312969,59.303765
-27.435174,116.104005,58.920448
-27.767128,115.626710,58.770132
-28.836082,113.951162,58.243437
-29.806588,112.412486,57.762953
-30.178224,111.773234,57.563637
-30.816124,110.663489,57.219868
-31.453188,109.567489,56.877129
-31.815305,108.937513,56.681373
-32.667632,107.336760,56.184224
-33.755385,105.274301,55.547472
-33.839872,105.100921,55.494225
-33.954642,104.859549,55.421725
-34.933738,102.831120,54.803821
-35.634288,101.344128,54.360670
-35.985514,100.540998,54.122151
-36.391153,99.590606,53.846013
-36.982929,98.226529,53.443605
-37.480801,97.050940,53.104227
-37.938034,95.892421,52.770466
-38.396063,94.703463,52.435285
-38.852338,93.539548,52.101795
-39.294766,92.383597,51.777611
-39.725634,91.146108,51.439421
-40.121699,89.974072,51.127752
-40.556983,88.712704,50.785666
-41.014406,87.347398,50.425256
-41.353267,86.265356,50.140684
-41.657281,85.309399,49.885033
-42.136800,83.831667,49.481795
-42.632905,82.236764,49.064612
-42.881737,81.379838,48.841360
-43.079198,80.669712,48.664199
-43.574996,78.911000,48.219028
-44.163813,76.735574,47.691833
-44.241095,76.429116,47.617806
-44.295427,76.204485,47.565919
-44.855017,73.926550,47.030538
-45.322695,71.940836,46.584476
-45.449364,71.411511,46.463432
-45.632081,70.614770,46.289382
-46.003296,68.879244,45.910955
-46.219996,67.820760,45.690793
-46.529924,66.333171,45.375221
-47.035229,63.797978,44.862500
-47.039689,63.776001,44.857964
-47.047837,63.735489,44.849693
-47.525759,61.201255,44.331463
-47.746368,59.944874,44.092248
-47.985041,58.609109,43.833446
-48.386968,56.186764,43.397621
-48.418530,56.000037,43.363398
-48.490385,55.540919,43.285483
-48.809143,53.370317,42.916233
-48.919655,52.553560,42.788217
-49.172674,50.723876,42.495120
-49.391438,49.000500,42.241705
-49.513383,48.061923,42.100443
-49.816089,45.513326,41.749790
-49.832132,45.385643,41.731178
-49.880068,44.964059,41.675786
-50.120758,42.707222,41.377279
-50.181804,42.068745,41.301910
-50.372397,40.004275,41.065671
-50.472989,38.773777,40.940885
-50.588982,37.288887,40.797845
-50.685867,35.660723,40.677375
-50.748695,34.534261,40.599917
-50.819198,32.657013,40.511923
-50.850151,31.739358,40.473839
-50.881764,29.750745,40.433958
-50.891916,28.903102,40.421630
-50.881113,26.931682,40.434387
-50.872505,26.024381,40.445384
-50.823777,24.190976,40.505353
-50.790376,23.102040,40.547267
-50.715428,21.520933,40.640023
-50.643933,20.134883,40.729529
-50.561023,18.914836,40.832431
-50.328677,17.022135,41.122423
-50.248746,16.467523,41.222016
-50.018676,15.261385,41.509206
-49.804590,14.191804,41.758467
-49.666803,13.650985,41.919130
-49.102879,12.226583,42.576599
-48.596642,11.248876,43.166102
-48.214756,10.489389,43.582204
-47.361046,9.165718,44.511416
-47.191078,8.907136,44.696471
-47.117806,8.819305,44.776173
-46.028544,7.459773,45.884836
-45.589672,7.024930,46.331146
-44.735664,6.139682,47.143793
-44.010787,5.540530,47.833016
-43.312934,4.934038,48.453811
-42.380872,4.286840,49.282333
-41.760787,3.831685,49.797898
-40.695714,3.532793,50.682662
-39.652382,3.307111,51.492784
-38.957156,3.134566,52.032103
-37.505121,2.551556,53.077161
-37.018012,2.362733,53.427368
-35.282822,1.720902,54.583549
-35.039480,1.634106,54.745516
-33.379222,1.069657,55.766609
-33.021531,0.943215,55.986631
-32.970738,0.926055,56.015404
-30.963981,0.271163,57.150873
-30.579605,0.151395,57.350372
-28.867059,-0.363369,58.238159
-28.092582,-0.585375,58.604747
-26.730781,-0.961407,59.248540
-25.506256,-1.283415,59.774259
-24.555162,-1.523944,60.182062
-22.817118,-1.941859,60.854510
-22.340216,-2.051934,61.038773
-20.348304,-2.488240,61.727921
-20.087328,-2.554371,61.818274
-20.018534,-2.568164,61.839305
-17.902905,-2.924204,62.484662
-16.443237,-3.095326,62.875497
-15.708310,-3.213323,63.072279
-14.608488,-3.331060,63.326215
-13.501353,-3.443333,63.581839
-12.625940,-3.485346,63.752046
-11.282034,-3.606031,64.013342
-9.658445,-3.660594,64.270480
-9.050352,-3.676910,64.366787
-8.437081,-3.658931,64.442048
-6.806307,-3.675632,64.642176
-5.257103,-3.599586,64.777660
-4.549901,-3.559078,64.839508
-3.603215,-3.448678,64.889277
-2.281132,-3.342429,64.958782
-1.332413,-3.206402,64.975925
0.000000,-3.002039,65.000000
1.259607,-3.137146,64.977497
2.256798,-3.238856,64.959681
3.850236,-3.305514,64.876802
4.501619,-3.352905,64.842921
4.925071,-3.359577,64.806282
6.734464,-3.380076,64.649721
8.936998,-3.278832,64.382305
8.955332,-3.278618,64.380079
8.971014,-3.277580,64.377622
11.164223,-3.124193,64.033996
13.277575,-2.860555,63.627543
13.361138,-2.853203,63.611472
13.451676,-2.840501,63.590796
15.546076,-2.539987,63.112507
17.184778,-2.218590,62.678574
17.719038,-2.134444,62.537101
18.434039,-1.985787,62.321426
19.879838,-1.907732,61.885314
21.270006,-1.564312,61.410552
22.058588,-1.471657,61.141312
22.681106,-1.405633,60.904405
24.195065,-1.251807,60.327920
26.160585,-1.075655,59.499906
26.295550,-1.055766,59.443073
26.410008,-1.040359,59.390078
28.359374,-0.787571,58.487073
30.122031,-0.582613,57.594045
30.387281,-0.553146,57.459595
30.728256,-0.520067,57.271424
32.378558,-0.246589,56.361014
33.812797,-0.030619,55.502886
34.333799,0.044816,55.191032
34.952728,0.124564,54.790598
36.252490,0.401481,53.949976
37.504495,0.646558,53.077290
38.135012,0.765887,52.637636
38.580653,1.017754,52.302816
39.876058,1.881355,51.330029
40.940106,2.581882,50.474496
41.566128,3.070632,49.971416
43.068312,4.231529,48.679553
43.205122,4.357815,48.561964
43.896881,4.991337,47.925892
44.792644,5.823603,47.102148
44.957747,5.976072,46.939761
46.328652,7.492572,45.592207
46.624496,7.818601,45.281185
47.813030,9.405874,44.032488
48.081314,9.763635,43.730987
48.347059,10.649685,43.432286
48.788573,12.183428,42.936292
49.278536,14.124650,42.385232
49.408817,14.659102,42.228572
49.486690,15.028392,42.134808
49.915908,17.202522,41.618471
50.190093,18.861397,41.288106
50.332873,19.809506,41.116289
50.635154,22.344725,40.751768
50.649857,22.487089,40.734072
50.712473,23.348238,40.658472
50.845792,25.246849,40.486723
50.857827,25.534020,40.471143
50.921591,28.093262,40.389210
50.920513,28.501978,40.390534
50.867682,31.035053,40.459174
50.855535,31.290072,40.474827
50.758784,33.419429,40.600706
50.733697,33.938453,40.630848
50.730100,34.001062,40.635218
50.569753,36.618757,40.829702
50.542793,37.006698,40.862163
50.380157,39.264781,41.059137
50.317964,40.037807,41.133983
50.165475,41.875281,41.318423
50.053671,43.095672,41.452891
49.926079,44.450844,41.607027
49.747845,46.181660,41.821252
49.662333,46.992044,41.924432
49.398269,49.297236,42.241592
49.374591,49.499441,42.270131
49.280459,50.244498,42.383106
49.051141,51.967070,42.641523
48.981845,52.451243,42.719310
48.697855,54.398514,43.038999
48.495944,55.656547,43.265870
48.315062,56.766096,43.469112
47.945922,58.917532,43.883886
47.912920,59.107090,43.920968
47.830890,59.555755,44.013139
47.472049,61.411383,44.390637
47.306742,62.226354,44.564539
47.026850,63.732439,44.859411
46.679269,65.511807,45.224102
46.575502,66.056435,45.333283
46.321291,67.326207,45.599688
46.102608,68.360887,45.815107
45.999939,68.823722,45.915863
45.605370,70.644474,46.304050
45.259368,72.166124,46.643194
45.093989,72.910362,46.805692
44.742883,74.416581,47.149425
44.560881,75.155572,47.316845
44.456205,75.543963,47.412962
43.986270,77.320119,47.844474
43.526281,79.007023,48.266850
43.401772,79.472121,48.381179
43.195062,80.221268,48.570986
42.790406,81.605299,48.919221
42.519357,82.504932,49.152475
42.159172,83.721818,49.462439
41.609715,85.523088,49.935281
41.512715,85.823044,50.013486
41.441787,86.035904,50.070670
40.830728,87.901325,50.563325
40.251884,89.616086,51.030004
40.136213,89.964630,51.123262
39.977229,90.429458,51.251438
39.405675,92.004044,51.682931
38.939577,93.250092,52.034807
38.664298,94.027155,52.242432
38.297467,95.013648,52.519558
37.878619,96.042773,52.814331
37.502027,96.948703,53.079357
37.059335,98.034335,53.390906
36.554505,99.246150,53.746175
36.216872,100.007085,53.967859
35.884645,100.739887,54.185987
35.343396,101.956335,54.541356
34.779475,103.196439,54.911600
34.445020,103.885073,55.115976
34.081931,104.616418,55.337842
33.511250,105.787030,55.686563
32.972379,106.868093,56.015837
32.547015,107.664498,56.257080
32.032545,108.606321,56.548852
31.545755,109.513297,56.824930
31.133218,110.264632,57.058889
30.503625,111.330693,57.389255
29.638025,112.754039,57.843473
29.423322,113.112857,57.956134
29.263636,113.375764,58.039932
28.291227,114.858684,58.510364
27.362782,116.253095,58.959562
27.127440,116.579217,59.064099
26.718635,117.136924,59.245701
25.907750,118.259799,59.605907
25.429825,118.911188,59.818224
24.637040,119.902571,60.140027
23.464760,121.344792,60.615910
23.318651,121.508810,60.669801
22.975777,121.887277,60.796278
21.925677,123.061764,61.183623
21.467586,123.565414,61.352610
20.249386,124.708157,61.752438
19.144308,125.741308,62.115166
18.379441,126.367393,62.335356
16.804843,127.714843,62.788671
16.435729,127.986721,62.880234
14.449740,129.462384,63.372878
14.353286,129.522651,63.393012
12.322286,130.803766,63.816960
12.090644,130.950128,63.865312
12.079441,130.957275,63.867651
11.797713,131.103217,63.915521
9.693946,132.194967,64.272989
9.592611,132.235764,64.286324
7.293254,133.172805,64.588893
6.769952,133.325648,64.637948
4.877366,133.886757,64.815363
3.489439,134.139238,64.893598
2.446281,134.333049,64.952399
0.680351,134.460358,64.986761
0.000000,134.515329,65.000000
-0.653588,134.445917,64.987353
-2.433465,134.271214,64.952912
-3.555418,134.043445,64.890000
-4.851967,133.787179,64.817298
-6.929026,133.157675,64.623603
-7.255506,133.060692,64.593158
-8.657809,132.495477,64.409595
-9.644082,132.101302,64.280492
-9.831494,132.005967,64.248815
-12.017696,130.910286,63.879300
-12.409260,130.671109,63.798001
-14.376346,129.485644,63.389582
-14.763035,129.209965,63.294176
-16.720034,127.832045,62.811338
-16.942530,127.650707,62.747632
