-11.979787,228.611780,63.886421
-13.670871,227.116095,63.536461
-14.337832,226.551478,63.398310
-15.528074,225.346371,63.105492
-16.700107,224.155771,62.816645
-17.254323,223.499631,62.658255
-18.464875,222.061933,62.311702
-18.868932,221.587346,62.196090
-19.049607,221.374476,62.144307
-20.364780,219.605633,61.714996
-21.386124,218.227873,61.381053
-21.826375,217.546250,61.218743
-22.662608,216.246851,60.910001
-23.253791,215.337960,60.691839
-23.557659,214.869128,60.579543
-24.588522,213.092305,60.157841
-25.692863,211.182155,59.705433
-25.877672,210.827850,59.622160
-26.122798,210.356281,59.511549
-27.083893,208.530417,59.078129
-27.780968,207.178845,58.763545
-28.222682,206.235838,58.545338
-28.731626,205.151113,58.293915
-29.315215,203.923396,58.005619
-29.810416,202.883323,57.760984
-30.370133,201.596564,57.459669
-30.957392,200.248660,57.143523
-31.394645,199.258223,56.908133
-31.802324,198.336233,56.688662
-32.382861,196.906261,56.349412
-32.944217,195.525687,56.021369
-33.352832,194.550975,55.782377
-33.740054,193.629906,55.556672
-34.296812,192.190933,55.204351
-34.833452,190.807917,54.865930
-35.220628,189.823669,54.621333
-35.614286,188.825747,54.373487
-36.116758,187.446562,54.031021
-36.550625,186.225901,53.736391
-36.974029,185.058120,53.448321
-37.450834,183.734963,53.125039
-37.808054,182.660413,52.863523
-38.093059,181.797907,52.655613
-38.614231,180.251961,52.274662
-39.249300,178.357050,51.812084
-39.405824,177.832738,51.689184
-39.539442,177.381209,51.584620
-40.145077,175.375777,51.109809
-40.833502,173.076601,50.571884
-40.878257,172.915649,50.534474
-40.914123,172.785565,50.504598
-41.572854,170.444736,49.954819
-42.175583,168.285104,49.453497
-42.264789,167.971747,49.379158
-42.371126,167.595183,49.290843
-42.924278,165.489802,48.799527
-43.357378,163.902256,48.414971
-43.612083,162.994733,48.189159
-43.955132,161.729358,47.884208
-44.268871,160.487236,47.587074
-44.466735,159.675679,47.399146
-44.895759,157.967955,46.992362
-45.485070,155.538890,46.431993
-45.509226,155.440678,46.409068
-45.547301,155.282017,46.372805
-46.080359,152.894432,45.832417
-46.377507,151.529817,45.530061
-46.644114,150.344636,45.259407
-47.100483,148.265669,44.794397
-47.197631,147.790705,44.689047
-47.247833,147.539087,44.634394
-47.724290,145.228787,44.116978
-48.050943,143.605887,43.760871
-48.246641,142.664454,43.548050
-48.581738,141.094555,43.182966
-48.773682,140.125956,42.959782
-48.881891,139.562426,42.833990
-49.275045,137.577592,42.376884
-49.665902,135.542170,41.922547
-49.768545,135.023755,41.803217
-49.943062,134.114987,41.600372
-50.238387,132.461024,41.233888
-50.390185,131.583988,41.045559
-50.692575,129.891469,40.670338
-51.078364,127.664894,40.191740
-51.140487,127.317381,40.114660
-51.256193,126.650280,39.971130
-51.565369,124.735203,39.561451
-51.711483,123.801822,39.367887
-51.978924,122.147727,39.013538
-52.321350,119.964587,38.559947
-52.387756,119.558355,38.471851
-52.521570,118.705216,38.294708
-52.772761,116.962052,37.937737
-52.877564,116.204650,37.788806
-53.143680,114.362853,37.410629
-53.404385,112.485256,37.040158
-53.509505,111.759601,36.890774
-53.747050,110.054491,36.553219
-53.863674,109.151951,36.375581
-53.908913,108.787481,36.306677
-54.200419,106.539636,35.862669
-54.377246,105.121209,35.593348
-54.533058,103.923882,35.356026
-54.841246,101.462094,34.886639
-54.861778,101.304847,34.855366
-54.911424,100.909878,34.779753
-55.170949,98.681489,34.355039
-55.265646,97.835916,34.200076
-55.473943,96.054974,33.859202
-55.674623,94.230823,33.530801
-55.768189,93.421085,33.377686
-56.015110,91.153005,32.973613
-56.052554,90.780415,32.907595
-56.064422,90.654698,32.886669
-56.315418,88.132436,32.444127
-56.409535,87.126108,32.278183
-56.572085,85.478634,31.991582
-56.744642,83.615723,31.687341
-56.821868,82.818378,31.551179
-57.057999,80.221028,31.134849
-57.063853,80.151178,31.123694
-57.065450,80.130800,31.120650
-57.283917,77.475966,30.704329
-57.344243,76.692099,30.589372
-57.497613,74.794432,30.297105
-57.612512,73.273973,30.078152
-57.705172,72.106811,29.901575
-57.867252,69.882416,29.592713
-57.903338,69.409919,29.523947
-58.039729,67.502869,29.264038
-58.092117,66.707167,29.155749
-58.103714,66.518344,29.131778
-58.266625,63.998302,28.795034
-58.315789,63.182719,28.693411
-58.436301,61.284324,28.444308
-58.520427,59.862596,28.270416
-58.601299,58.565396,28.103250
-58.717948,56.557310,27.862132
-58.762863,55.842833,27.769291
-58.911864,53.259516,27.461301
-58.920281,53.115877,27.443902
-58.960400,52.365651,27.360975
-59.058348,50.375819,27.140451
-59.074664,50.009640,27.103718
-59.183030,47.623608,26.859740
-59.209330,46.871573,26.799692
-59.279148,44.943606,26.644187
-59.308129,43.976417,26.577675
-59.362046,42.249008,26.457482
-59.390487,41.113575,26.391815
-59.431883,39.539888,26.299524
-59.457333,38.281411,26.240326
-59.488816,36.816315,26.170216
-59.509537,35.478399,26.121537
-59.533001,34.078359,26.069458
-59.547908,32.703112,26.033890
-59.564596,31.326091,25.997153
-59.573205,29.954213,25.975923
-59.584953,28.522451,25.949705
-59.587036,27.104805,25.944224
-59.582107,25.651204,25.956338
-59.568751,24.320966,25.986423
-59.544958,22.737176,26.042081
-59.501227,21.630554,26.141100
-59.397224,19.564288,26.385130
-59.367349,19.071277,26.453538
-59.258847,17.563066,26.708259
-59.184480,16.602685,26.864518
-59.155604,16.282300,26.926441
-58.947913,14.220497,27.365788
-58.794098,12.871729,27.696575
-58.674875,11.913150,27.950278
-58.448796,10.278682,28.438142
-58.360311,9.677659,28.611331
-58.301381,9.315538,28.728098
-57.989261,7.514594,29.342126
-57.482140,5.808411,30.344614
-57.421211,5.605037,30.455348
-57.335670,5.363331,30.610586
-56.752983,3.806325,31.668610
-56.373008,2.932772,32.357678
-56.009187,2.097965,32.966467
-55.192750,0.474333,34.331038
-55.190293,0.469438,34.334840
-55.183868,0.458274,34.344772
-54.269728,-1.080850,35.758124
-53.941654,-1.566224,36.264864
-53.269842,-2.567128,37.228255
-52.618966,-3.422754,38.160769
-52.105218,-3.817775,38.844246
-51.301340,-4.286685,39.912976
-50.679449,-4.681228,40.685545
-49.932130,-5.038128,41.613334
-49.132030,-5.458415,42.541989
-48.505979,-5.876999,43.267969
-47.625403,-6.371597,44.223037
-47.021827,-6.745175,44.876952
-46.037303,-7.252004,45.874771
-45.485477,-7.567127,46.433440
-44.361152,-8.094767,47.498314
-43.897014,-8.338261,47.937438
-42.589003,-8.893999,49.095025
-42.256529,-9.053358,49.388952
-40.711161,-9.642521,50.666562
-40.564130,-9.706458,50.787990
-39.507095,-10.063876,51.604004
-38.819786,-10.305534,52.134673
-38.702756,-10.335942,52.218496
-36.880452,-10.778459,53.522476
-36.243505,-10.921247,53.944769
-34.901960,-11.200522,54.833347
-33.650675,-11.439188,55.598933
-32.884326,-11.573807,56.067358
-30.917195,-11.887276,57.174196
-30.830948,-11.921519,57.222755
-30.132895,-12.169820,57.583332
-28.813122,-12.665978,58.264869
-28.659336,-12.718244,58.337403
-26.757947,-13.389967,59.236326
-26.327889,-13.526706,59.421085
-24.665055,-14.077254,60.137226
-23.909581,-14.301239,60.431121
-22.534386,-14.726637,60.967496
-21.399222,-15.039270,61.364586
-20.365877,-15.336860,61.727060
-18.281696,-15.527789,62.372686
-18.158501,-15.542820,62.410789
-18.065424,-15.548141,62.436043
-15.939354,-15.796639,63.014212
-14.121897,-15.882189,63.440237
-13.704631,-15.928504,63.538299
-13.184867,-15.946854,63.641162
-11.457276,-16.070870,63.982195
-9.909989,-16.072958,64.230936
-9.194850,-16.117267,64.346293
-8.424339,-16.106026,64.442670
-6.919072,-16.144313,64.630160
-5.344973,-16.072396,64.769902
-4.628260,-16.080494,64.833880
-3.965306,-16.036617,64.869611
-2.324108,-16.000008,64.957159
-0.300512,-15.809421,64.994398
0.000000,-15.822703,65.000000
0.305957,-15.803755,64.994535
2.256408,-15.988574,64.959696
3.518662,-16.022476,64.894050
4.500896,-16.093904,64.842972
5.835687,-16.094129,64.727497
6.733424,-16.134873,64.649829
7.417610,-16.119761,64.566771
8.953986,-16.151007,64.380266
10.748848,-16.058259,64.099096
11.162598,-16.057018,64.034279
11.530159,-16.031257,63.963597
13.359235,-15.974755,63.611872
15.210690,-15.785143,63.189127
15.543923,-15.768318,63.113038
15.886367,-15.728172,63.022370
17.716636,-15.579791,62.537782
19.331372,-15.334104,62.050781
19.877397,-15.281048,61.886098
20.486770,-15.137437,61.678012
22.059729,-14.841285,61.140892
23.495960,-14.478120,60.593936
24.205552,-14.328383,60.323699
25.003854,-14.109959,59.987173
26.314853,-13.813578,59.434523
27.411486,-13.490523,58.926011
28.387640,-13.247687,58.473359
29.589680,-12.868829,57.863473
30.423911,-12.645583,57.440208
31.061078,-12.428664,57.088089
32.423660,-12.033225,56.335071
34.267183,-11.368034,55.229722
34.386902,-11.330521,55.157941
34.470066,-11.298008,55.104025
36.313611,-10.678911,53.908831
37.677233,-10.118370,52.955766
38.202032,-10.135983,52.589017
38.592676,-9.979614,52.294906
39.951359,-9.782860,51.271423
41.540452,-9.389545,49.989819
41.649936,-9.361500,49.901569
41.762232,-9.320312,49.804702
43.296392,-8.849268,48.480597
44.574341,-8.298711,47.300637
44.890016,-8.158962,47.009356
45.380293,-7.876220,46.525453
46.431306,-7.327760,45.487656
47.011515,-6.937083,44.874843
47.920011,-6.310351,43.916041
49.020232,-5.369871,42.673806
49.356059,-5.076335,42.294962
50.713333,-3.645578,40.656353
50.739591,-3.617313,40.624683
51.001097,-3.284270,40.286974
52.070869,-1.939435,38.905327
52.175508,-1.812056,38.759515
53.446712,-0.306156,36.990096
53.641315,-0.051607,36.697524
54.747414,1.357096,35.036514
55.006158,1.721713,34.615584
55.973018,3.048945,33.044589
56.273800,3.506976,32.513325
56.972049,5.427419,31.284501
57.048217,5.635837,31.150215
57.078699,5.735212,31.096814
57.701066,7.836832,29.903996
58.088892,9.429304,29.166225
58.251823,10.126123,28.825295
58.400479,10.921254,28.517062
58.698653,12.496604,27.895466
59.009396,14.621746,27.254804
59.056235,14.958433,27.147642
59.077245,15.166585,27.100282
59.318350,17.500248,26.550242
59.407017,18.803469,26.352064
59.477328,20.188818,26.193688
59.526266,21.921367,26.082768
59.552629,23.002238,26.023488
59.558051,24.865435,26.010796
59.556934,25.899660,26.013588
59.560228,27.803508,26.008326
59.557852,28.759759,26.012583
59.550934,30.749273,26.030437
59.544040,31.637316,26.044914
59.526284,33.663177,26.087079
59.514870,34.532922,26.111653
59.486424,36.545784,26.177585
59.469689,37.447193,26.213921
59.431496,39.397644,26.301303
59.407812,40.380777,26.352891
59.361638,42.219295,26.457599
59.328521,43.334349,26.529791
59.276986,45.011262,26.645851
59.221390,46.327866,26.768280
59.161829,47.690981,26.900520
59.080794,49.369473,27.078854
59.032416,50.341975,27.186084
58.918457,52.436393,27.436690
58.894581,52.965649,27.489025
58.770208,55.527080,27.765661
58.768318,55.567602,27.769811
58.757846,55.776550,27.793145
58.626687,58.158712,28.057411
58.598807,58.631563,28.114281
58.479069,60.739553,28.356029
58.417919,61.746017,28.480978
58.326305,63.309970,28.666323
58.228640,64.870395,28.866226
58.168291,65.869724,28.988569
58.030653,68.005093,29.270776
58.004919,68.418567,29.323051
57.860956,70.404256,29.615905
57.814276,71.002058,29.703679
57.803626,71.128758,29.723551
57.607230,73.573482,30.092255
57.547529,74.264521,30.203502
57.393086,76.133379,30.492988
57.279590,77.411557,30.704179
57.171643,78.681440,30.906196
56.999261,80.570376,31.226514
56.945731,81.230535,31.326916
56.728612,83.695315,31.727682
56.719569,83.805564,31.744587
56.674240,84.314092,31.827994
56.478559,86.373047,32.164585
56.431310,86.832731,32.244721
56.229295,88.932537,32.591113
56.120403,89.978717,32.775241
55.973811,91.483649,33.025810
55.790869,93.177701,33.337160
55.715021,93.913434,33.465653
55.481007,96.076880,33.864485
55.450733,96.336226,33.912102
55.439626,96.427033,33.929669
55.167694,98.752002,34.357971
55.052313,99.692891,34.540697
54.880347,101.160178,34.811923
54.658368,102.965598,35.163948
54.588505,103.560440,35.274288
54.389805,105.172140,35.589825
54.286208,105.952572,35.742114
54.244836,106.249864,35.803234
53.967008,108.336359,36.212188
53.797342,109.551084,36.463176
53.648792,110.704994,36.681563
53.357327,112.861202,37.114677
53.331965,113.056667,37.152067
53.252121,113.640323,37.270167
52.980597,115.498530,37.645057
52.883886,116.128430,37.777948
52.620397,117.934640,38.141277
52.395764,119.399032,38.449548
52.255143,120.364664,38.643203
51.901217,122.674106,39.128279
51.884615,122.788317,39.151113
51.834844,123.113415,39.219240
51.500635,125.152412,39.646510
51.363984,125.944686,39.820470
51.109110,127.499784,40.145903
50.812229,129.219748,40.523363
50.710911,129.837998,40.652566
50.447944,131.360340,40.986484
50.300146,132.165528,41.162819
50.233988,132.507915,41.241436
49.871408,134.480847,41.673479
49.614567,135.824043,41.978862
49.442932,136.760514,42.182970
49.060855,138.777179,42.637221
49.008965,139.034816,42.695053
48.983015,139.159508,42.723968
48.558875,141.275495,43.195897
48.298034,142.536012,43.487385
48.104855,143.508045,43.702629
47.718569,145.389551,44.134912
47.643309,145.732979,44.213524
47.601323,145.918496,44.257561
47.160132,147.947234,44.719046
46.850807,149.323553,45.043940
46.671724,150.153577,45.231519
46.333158,151.670895,45.587628
46.171214,152.350287,45.746654
46.075090,152.740323,45.841417
45.650187,154.535230,46.259240
45.249101,156.163707,46.654428
45.112102,156.740475,46.789416
44.853679,157.801906,47.044036
44.559584,158.939109,47.315269
44.388708,159.583836,47.472858
43.993217,161.130996,47.837603
43.499818,163.013380,48.292628
43.422889,163.317980,48.363576
43.282698,163.859020,48.492862
42.831732,165.496216,48.882069
42.559184,166.460785,49.117285
42.230552,167.667718,49.400908
41.662210,169.701339,49.891396
41.623060,169.833032,49.923005
41.598033,169.915063,49.943210
40.999693,172.028661,50.426924
40.612089,173.349845,50.739042
40.367004,174.215328,50.936882
39.960568,175.612985,51.264431
39.734480,176.345494,51.434939
39.582852,176.825837,51.549403
39.080952,178.464878,51.928063
38.496269,180.331041,52.369613
38.421515,180.577170,52.426034
38.304789,180.952624,52.514218
37.736144,182.672755,52.914630
37.336886,183.858907,53.196040
37.041691,184.760615,53.403983
36.606882,186.064614,53.710572
36.331009,186.835542,53.892098
36.122103,187.408629,54.029692
35.596039,188.892161,54.375985
34.877391,190.880952,54.849505
34.853975,190.941123,54.863870
34.834709,190.989700,54.875701
34.073508,192.962116,55.342869
33.382412,194.644594,55.767214
33.256383,194.958287,55.844598
33.103631,195.337426,55.938390
32.410032,196.935597,56.334070
31.790203,198.359705,56.687667
31.556728,198.908317,56.820858
31.287819,199.538344,56.974263
30.676465,200.863211,57.297314
30.097881,202.113327,57.603048
29.790783,202.813838,57.765253
29.447733,203.586738,57.946744
28.888510,204.750675,58.219403
28.328280,205.902130,58.492999
27.963059,206.669464,58.671212
27.587975,207.447490,58.854537
27.003235,208.562666,59.116889
26.359395,209.774610,59.406230
26.016323,210.434581,59.560283
25.670999,211.087655,59.715114
24.961119,212.328405,60.006826
24.182157,213.679086,60.325383
23.883522,214.206130,60.447787
23.604436,214.694705,60.561622
22.760858,216.052635,60.875134
21.744996,217.674479,61.250803
21.616616,217.883057,61.298384
21.507260,218.059247,61.338711
20.185716,219.849260,61.773608
19.117466,221.286859,62.123437
18.681137,221.803553,62.249149
17.792967,222.848286,62.503755
17.078516,223.698877,62.708899
16.718831,224.124194,62.811654
15.350982,225.518978,63.149143
14.311580,226.571308,63.404240
13.498511,227.263594,63.572433
11.943228,228.595034,63.893266
11.521111,228.890951,63.964157
9.583951,230.269194,64.289486
9.347922,230.400691,64.320187
7.209990,231.611805,64.598270
6.894690,231.741961,64.627487
4.821344,232.614977,64.819617
4.020407,232.829647,64.864244
2.418014,233.270572,64.953527
0.469846,233.509696,64.990970
0.000000,233.570185,65.000000
-0.497096,233.517380,64.990414
-2.425598,233.319898,64.953225
-4.191545,232.858442,64.854522
-4.836376,232.692947,64.818480
-7.111304,231.745125,64.607015
-7.232334,231.695362,64.595764
-9.566641,230.359551,64.291188
-9.613471,230.333048,64.285078
-11.721553,228.797986,63.929926
-11.979787,228.611780,63.886421
