-7.145608,172.628601,64.605445
-8.780651,171.941405,64.394691
-9.488554,171.644430,64.303636
-11.309332,170.637358,64.001255
-11.789939,170.374854,63.921731
-13.557492,169.171079,63.562168
-14.073801,168.823416,63.457489
-15.601472,167.586782,63.088980
-16.340311,166.994942,62.911313
-17.492179,165.913954,62.589395
-18.589635,164.894151,62.283597
-19.264866,164.173012,62.068746
-20.821937,162.525651,61.574725
-20.952508,162.364223,61.527819
-21.403197,161.808716,61.366323
-22.617315,160.321143,60.931015
-22.962701,159.899228,60.807494
-24.183998,158.240837,60.321428
-25.063755,157.049745,59.972167
-25.677193,156.132519,59.702955
-27.165519,154.018389,59.049687
-27.192889,153.980033,59.037683
-27.204396,153.963555,59.032623
-28.583432,151.777643,58.367282
-29.343076,150.547432,57.999779
-29.905501,149.546110,57.702798
-30.721331,148.062322,57.270806
-31.156279,147.285025,57.040750
-31.445923,146.756445,56.887120
-32.331005,144.993322,56.377028
-33.409861,142.798783,55.753472
-33.467707,142.683971,55.720095
-33.513667,142.592183,55.693448
-34.546624,140.339445,55.046522
-35.568374,138.097267,54.403494
-35.613459,137.989736,54.372946
-35.656912,137.885452,54.343359
-36.619681,135.616754,53.689369
-37.495208,133.506164,53.093824
-37.578833,133.287372,53.032525
-37.662898,133.066172,52.971064
-38.483204,130.936132,52.370541
-39.282687,128.848505,51.786778
-39.379518,128.577538,51.710629
-39.483651,128.280088,51.628939
-40.234450,126.176994,51.039247
-40.909931,124.246275,50.510018
-41.065822,123.765499,50.379329
-41.215871,123.293254,50.253862
-41.849928,121.338148,49.722976
-42.487325,119.333163,49.190673
-42.614707,118.901550,49.076868
-42.725657,118.518004,48.978012
-43.336492,116.450860,48.432965
-44.015131,114.108562,47.829056
-44.046218,113.993141,47.799463
-44.071497,113.900321,47.775433
-44.737071,111.523479,47.142730
-45.296541,109.459619,46.610907
-45.412288,109.044210,46.500878
-45.555762,108.512556,46.364495
-46.047908,106.550725,45.864841
-46.387191,105.153508,45.520394
-46.663633,104.047554,45.239739
-47.047885,102.460209,44.849642
-47.256473,101.534435,44.623457
-47.385824,100.941273,44.483198
-47.813140,98.999691,44.020304
-48.256356,96.914284,43.538624
-48.356936,96.454952,43.429535
-48.525810,95.656649,43.245778
-48.873147,93.899982,42.843378
-49.052106,92.962348,42.635328
-49.372117,91.337307,42.264127
-49.842274,88.965747,41.717791
-49.877558,88.792723,41.676789
-49.935327,88.495332,41.609661
-50.345234,86.232413,41.101234
-50.553766,85.021831,40.842584
-50.795488,83.661092,40.542767
-51.221764,81.137551,40.014042
-51.231825,81.079810,40.001562
-51.251298,80.962280,39.977409
-51.634457,78.484814,39.469879
-51.800277,77.355073,39.250237
-52.024101,75.880698,38.953761
-52.350602,73.614324,38.521284
-52.402218,73.268017,38.452914
-52.519139,72.441309,38.298042
-52.751697,70.646036,37.967597
-52.834888,69.967067,37.849391
-53.083213,68.015804,37.496544
-53.273159,66.387564,37.226649
-53.403466,65.376675,37.041495
-53.714895,62.802723,36.598985
-53.722939,62.736923,36.587555
-53.745492,62.539847,36.555509
-54.008675,60.081342,36.154679
-54.086762,59.299196,36.035753
-54.277381,57.412463,35.745439
-54.424105,55.850019,35.521978
-54.530569,54.730610,35.359834
-54.731391,52.450351,35.053981
-54.768389,52.035910,34.997632
-54.910747,50.306647,34.780821
-54.985971,49.327771,34.657724
-55.001793,49.103127,34.631832
-55.180525,46.605906,34.339353
-55.232546,45.808464,34.254225
-55.361102,43.871708,34.043855
-55.420128,42.678790,33.946193
-55.495309,41.201275,33.824082
-55.556533,39.768678,33.722367
-55.611856,38.515597,33.632421
-55.670454,36.893098,33.534617
-55.721058,35.796022,33.451696
-55.791250,33.881845,33.335257
-55.817263,33.020739,33.292697
-55.860456,30.951309,33.220602
-55.871074,30.204993,33.203365
-55.881644,28.096091,33.185060
-55.880281,27.346554,33.187612
-55.858073,25.311263,33.223530
-55.842507,24.443028,33.249643
-55.792726,22.592319,33.331341
-55.755194,21.491838,33.393983
-55.688334,19.935126,33.504218
-55.615586,18.490205,33.625509
-55.495733,17.411226,33.823152
-55.201422,15.102444,34.316000
-55.194873,15.055686,34.326858
-55.181381,14.969890,34.349517
-54.820210,12.783297,34.906182
-54.536247,11.551477,35.346227
-54.300222,10.630265,35.712365
-53.988942,9.623812,36.194467
-53.675294,8.609746,36.645666
-53.317166,7.635599,37.160120
-52.951855,6.704008,37.685204
-52.661253,6.068289,38.102393
-52.066131,5.061849,38.895924
-51.340391,4.110800,39.862708
-51.013571,3.663986,40.269613
-49.968887,2.548165,41.569170
-49.834831,2.397943,41.725103
-48.546388,1.264828,43.222628
-48.529994,1.249612,43.240450
-47.982960,0.850485,43.834725
-47.098574,0.206393,44.795503
-47.072695,0.191759,44.823597
-45.800985,-0.583283,46.115165
-45.547573,-0.737521,46.372537
-45.542303,-0.740952,46.377544
-43.962294,-1.378324,47.877594
-43.735837,-1.452052,48.078694
-42.324991,-1.967286,49.330322
-41.819841,-2.113404,49.749387
-40.635768,-2.501808,50.730715
-39.784026,-2.717929,51.390538
-38.894720,-2.977322,52.078791
-37.608925,-3.416965,53.001976
-36.955308,-3.630441,53.470786
-35.281333,-4.146826,54.583404
-34.976610,-4.236403,54.785731
-33.494487,-4.646878,55.694913
-32.958537,-4.806360,56.023752
-32.853319,-4.836003,56.083195
-30.900876,-5.361612,57.185020
-30.339755,-5.504303,57.475433
-28.803933,-5.876548,58.269409
-27.714841,-6.125224,58.783386
-26.667723,-6.352426,59.276973
-24.974063,-6.697500,60.001818
-24.510381,-6.856932,60.200383
-22.539340,-7.478140,60.962480
-22.377956,-7.530661,61.025044
-21.346085,-7.837539,61.383626
-20.208362,-8.195116,61.778814
-19.926070,-8.203532,61.865320
-17.998282,-8.342058,62.457220
-15.778344,-8.388213,63.054680
-15.773087,-8.388458,63.056092
-15.768143,-8.388448,63.057235
-13.535872,-8.474030,63.574485
-11.361848,-8.446115,63.997781
-11.283236,-8.448409,64.013129
-11.203819,-8.446422,64.025729
-9.050352,-8.731772,64.366787
-7.497628,-8.839913,64.557337
-6.806307,-8.923527,64.642176
-5.903664,-8.972323,64.721116
-4.549901,-9.034951,64.839508
-3.246228,-9.007926,64.908045
-2.281132,-9.034651,64.958782
-1.333259,-8.992903,64.975909
0.000000,-8.921042,65.000000
1.213154,-8.957882,64.978326
2.256798,-8.983944,64.959681
3.555376,-8.927531,64.892138
4.501619,-8.924608,64.842921
5.301374,-8.870697,64.773721
6.734464,-8.767778,64.649721
8.084473,-8.583602,64.485812
8.955332,-8.502902,64.380079
9.931283,-8.352883,64.227170
11.164050,-8.358022,64.034026
12.579713,-8.288587,63.761767
13.360675,-8.278787,63.611569
14.057867,-8.234768,63.452359
15.545330,-8.184606,63.112691
17.080168,-8.051253,62.706287
17.718027,-8.020337,62.537388
18.352531,-7.957486,62.346005
19.878753,-7.848723,61.885662
21.319169,-7.499440,61.393768
22.061079,-7.342397,61.140406
22.887695,-7.128273,60.825583
24.206882,-6.833005,60.323166
25.328965,-6.524740,59.850125
26.316169,-6.286359,59.433941
27.492166,-5.943523,58.888590
28.388938,-5.713965,58.472729
29.101789,-5.493085,58.111030
30.419964,-5.428225,57.442298
31.256449,-5.398640,56.980308
32.412155,-5.363964,56.341693
34.292257,-5.334878,55.215094
34.368337,-5.329475,55.169518
34.419233,-5.326654,55.136566
36.287926,-5.234344,53.926133
37.543036,-5.192928,53.050052
38.171549,-5.176181,52.611147
38.769305,-4.910278,52.161416
39.913168,-4.318780,51.301191
41.449066,-3.535373,50.064590
41.604053,-3.443274,49.939862
41.912993,-3.261750,49.673818
43.243675,-2.455161,48.527644
43.867510,-2.080576,47.952881
44.832376,-1.406263,47.064333
46.064685,-0.551099,45.850688
46.370223,-0.303308,45.549928
47.271101,0.423885,44.601591
47.858006,0.897397,43.983623
48.034284,1.066434,43.785043
49.294983,2.297978,42.366163
49.739944,2.806396,41.830199
50.679740,3.899380,40.699354
51.235564,4.646435,39.983224
52.012418,5.708500,38.983433
52.674744,6.472842,38.063808
53.350135,8.153746,37.129526
53.540482,8.639853,36.844570
53.832144,9.521163,36.410561
54.208226,10.959153,35.850291
54.604890,12.770275,35.258631
54.735000,13.403391,35.049518
54.805188,13.821249,34.936541
55.149633,15.929692,34.382712
55.355529,17.541757,34.051031
55.477471,18.534502,33.854895
55.691043,20.934966,33.510508
55.715027,21.221088,33.471926
55.824058,23.332508,33.295841
55.856096,23.993515,33.240116
55.857695,24.073663,33.237310
55.898928,26.854921,33.165939
55.896921,27.017765,33.169408
55.847734,29.807090,33.255833
55.847614,29.818500,33.256053
55.805925,32.452917,33.326258
55.801836,32.709448,33.333089
55.801811,32.710580,33.333127
55.735172,35.567635,33.442930
55.733233,35.634244,33.445990
55.648196,38.393783,33.584928
55.639392,38.581701,33.598975
55.516220,41.098250,33.797087
55.488847,41.596181,33.840744
55.364683,43.771887,34.040133
55.310040,44.636384,34.127238
55.193875,46.415221,34.313509
55.101696,47.703420,34.460356
55.004081,49.028767,34.616670
54.862465,50.798467,34.842111
54.795576,51.613030,34.949085
54.590918,53.922773,35.274633
54.568631,54.168503,35.310232
54.472231,55.159146,35.463451
54.313540,56.692218,35.698897
54.270374,57.082221,35.762656
54.067952,59.196745,36.061102
53.959386,60.266864,36.222434
53.819501,61.688416,36.429023
53.619387,63.450873,36.724933
53.536671,64.208637,36.847823
53.253717,66.636443,37.265699
53.244752,66.716403,37.278999
53.210446,67.003170,37.329599
52.929192,69.210088,37.717047
52.843260,69.843788,37.834796
52.601643,71.690399,38.167195
52.410130,73.066767,38.429295
52.263652,74.157140,38.630538
51.956976,76.305014,39.049731
51.914919,76.609934,39.107434
51.780194,77.529436,39.291362
51.547957,79.010163,39.587538
51.457905,79.555353,39.701880
51.165722,81.371867,40.074020
50.920580,82.819555,40.384903
50.772403,83.717790,40.573383
50.414101,85.683960,41.028127
50.355059,85.989146,41.098339
50.325687,86.136230,41.133266
49.939311,88.255148,41.592076
49.709416,89.473194,41.866172
49.519370,90.512491,42.092130
49.115755,92.644166,42.573949
49.092375,92.760159,42.600007
49.080090,92.819041,42.613750
48.640209,94.993459,43.104616
48.389039,96.192614,43.385964
48.181152,97.216423,43.618237
47.773431,99.155054,44.075513
47.712302,99.428007,44.139546
47.677388,99.578581,44.176250
47.217256,101.623744,44.658841
46.897555,102.995679,44.995344
46.714005,103.807676,45.188095
46.364822,105.276767,45.555429
46.181331,106.002683,45.736171
46.071874,106.421334,45.843983
45.625637,108.183139,46.283528
45.183402,109.870456,46.719114
45.061114,110.352261,46.839566
44.848735,111.160533,47.048749
44.472516,112.505625,47.395695
44.228392,113.348988,47.620816
43.865047,114.644074,47.955884
43.283537,116.645930,48.492121
43.245479,116.768915,48.524973
43.218564,116.852936,48.548205
42.592627,118.899063,49.089016
42.120478,120.377578,49.495722
41.924841,121.012784,49.664543
41.624704,121.945739,49.922760
41.228385,123.105683,50.242752
40.946576,123.940728,50.469911
40.540168,125.182266,50.797540
39.970979,126.872816,51.256311
39.837599,127.246215,51.356987
39.731460,127.535130,51.437086
39.104482,129.293778,51.910294
38.416236,131.169932,52.429649
38.359948,131.328135,52.472129
38.286308,131.529179,52.527694
37.566845,133.345481,53.033839
36.941108,134.889343,53.473970
36.759034,135.350622,53.602050
36.542421,135.886746,53.754399
35.917326,137.330752,54.164655
35.320689,138.677003,54.556168
35.054834,139.292659,54.730637
34.766611,139.944341,54.919753
34.156409,141.227295,55.292462
33.531321,142.523122,55.674652
33.260182,143.096861,55.840256
32.996842,143.650781,56.001442
32.334129,144.946825,56.377594
31.587981,146.397170,56.802015
31.392499,146.785049,56.913093
31.214090,147.136856,57.014689
30.413900,148.598814,57.435987
29.447932,150.352455,57.945671
29.421389,150.401924,57.959669
29.398501,150.443994,57.971739
28.372192,152.193320,58.471547
27.529225,153.609990,58.882057
27.300377,153.965303,58.984566
26.965551,154.477709,59.134541
26.180551,155.702181,59.486163
25.628820,156.550245,59.733291
25.021264,157.408401,59.982465
23.974135,158.822793,60.411912
23.801013,159.060999,60.482912
23.697683,159.201950,60.525290
22.517817,160.668624,60.965996
21.735590,161.632337,61.258176
21.059960,162.349222,61.482999
19.383681,164.147611,62.040799
19.365757,164.164392,62.046029
19.304472,164.222441,62.063912
17.540784,165.903990,62.578566
17.015983,166.410311,62.731705
15.602196,167.577673,63.087121
14.632496,168.388525,63.330896
13.517728,169.166534,63.566682
12.233219,170.075346,63.838370
11.238859,170.642158,64.009551
9.818153,171.464374,64.254129
8.692675,171.961848,64.404159
7.387299,172.521345,64.578171
5.712431,173.026591,64.737211
4.940655,173.267869,64.810497
3.069558,173.615441,64.917340
2.478222,173.728084,64.951106
2.146249,173.750242,64.957656
0.000000,173.910767,65.000000
-2.202761,173.766089,64.958070
-2.396165,173.754779,64.954388
-2.688243,173.701560,64.938261
-4.778035,173.333065,64.822870
-5.790676,173.026021,64.729874
-7.145608,172.628601,64.605445
