-14.357058,72.194096,63.393956
-15.108828,71.617139,63.208741
-16.733763,70.348800,62.807673
-17.162178,69.963615,62.685051
-18.722937,68.494560,62.236763
-19.032542,68.203328,62.147903
-19.117463,68.119671,62.123442
-20.721313,66.337050,61.597616
-21.492166,65.441089,61.343999
-22.337498,64.336001,61.031245
-23.624055,62.573076,60.553803
-23.864495,62.209299,60.455413
-24.326052,61.477360,60.265950
-25.248301,60.019143,59.887780
-25.726374,59.226161,59.691115
-26.523026,57.779330,59.332061
-27.607225,55.712982,58.841788
-27.718411,55.501868,58.791580
-27.799701,55.339724,58.754746
-28.798820,53.172591,58.261470
-29.777669,51.015327,57.777881
-29.841543,50.863679,57.743555
-29.901939,50.706577,57.711170
-30.749012,48.489582,57.256409
-31.532721,46.227320,56.836667
-31.584895,46.075636,56.808684
-31.649938,45.865400,56.773891
-32.302412,43.602938,56.395308
-32.659910,42.213677,56.188476
-32.946410,41.089331,56.022390
-33.472240,38.748332,55.718547
-33.517078,38.534767,55.690511
-33.533489,38.444907,55.680288
-33.987790,35.939964,55.395700
-34.150415,34.864894,55.294991
-34.351491,33.284879,55.169105
-34.523028,31.528174,55.063490
-34.592536,30.560398,55.019853
-34.614439,28.531277,55.006040
-34.592670,27.658006,55.019638
-34.404897,25.848920,55.135850
-34.218473,24.544565,55.251638
-33.967906,23.382202,55.406952
-33.400048,21.180556,55.759642
-33.365076,21.072826,55.781338
-33.307910,20.918339,55.816856
-32.546049,18.954788,56.253861
-31.878422,17.434959,56.637337
-31.625118,16.930773,56.782738
-31.383207,16.496431,56.921758
-30.536675,15.048172,57.369485
-29.322894,13.847645,58.009976
-28.998440,13.468300,58.167264
-27.753473,12.425672,58.767104
-27.261071,12.045903,59.004583
-27.159952,11.987188,59.053103
-25.354161,10.745744,59.843909
-24.971365,10.543901,60.010673
-23.327546,9.522867,60.660280
-22.747617,9.242260,60.888217
-21.194940,8.361507,61.437805
-20.487533,8.044729,61.686775
-18.318639,7.436995,62.362425
-18.229914,7.419171,62.389945
-18.037534,7.372065,62.442312
-15.965092,6.964603,63.007675
-14.932321,6.710582,63.250652
-13.686284,6.500986,63.542235
-11.454739,6.025514,63.981597
-11.393023,6.016594,63.993674
-11.283625,5.996289,64.011065
-9.092752,5.701222,64.360784
-7.757259,5.460188,64.525476
-6.806307,5.572551,64.642176
-6.187265,5.676994,64.696314
-4.549901,5.966824,64.839508
-2.752325,6.375764,64.934011
-2.281132,6.487175,64.958782
-1.097293,6.826776,64.980173
0.000000,7.118636,65.000000
1.116242,6.901751,64.980058
2.256798,6.658780,64.959681
2.695194,6.586550,64.936879
4.501619,6.297193,64.842921
6.024606,6.127192,64.711142
6.734464,6.051009,64.649721
7.910812,5.982230,64.506897
8.990024,6.295823,64.375219
10.909381,6.802022,64.072175
11.269856,6.911629,64.015479
11.455650,6.963588,63.979520
13.542356,7.682676,63.573087
14.752931,8.067989,63.292950
15.802554,8.479605,63.048683
17.902395,9.243146,62.482291
18.050692,9.309679,62.442083
18.501586,9.497922,62.302976
20.291513,10.303315,61.751539
21.070142,10.439675,61.480883
22.398199,10.831057,61.017841
24.112108,11.306419,60.355086
24.472559,11.414881,60.216004
24.738561,11.490492,60.102918
26.522704,12.288219,59.342099
27.779115,12.826436,58.755503
28.544314,13.338751,58.397018
30.248412,14.442681,57.527823
30.543401,14.750523,57.376747
32.129655,16.364081,56.496878
32.538715,17.097453,56.268768
33.403998,18.618515,55.749048
33.713750,20.134237,55.562012
33.911842,21.191769,55.442798
34.230733,23.447261,55.249841
34.279829,23.845899,55.220291
34.490674,26.516184,55.092272
34.494982,26.588508,55.089685
34.542787,29.387575,55.060095
34.542647,29.428186,55.060190
34.424518,32.096868,55.131086
34.406207,32.374671,55.142251
34.164861,34.671498,55.288035
34.066747,35.439045,55.347757
33.786616,37.133042,55.517411
33.520467,38.575901,55.679934
33.342013,39.406335,55.788097
32.902551,41.281966,56.056849
32.821706,41.608540,56.102329
32.780312,41.762546,56.125813
32.194339,43.718321,56.456510
31.751119,45.096435,56.708470
31.521916,45.826518,56.838469
31.135095,46.994106,57.057864
30.793757,47.966183,57.236987
30.551622,48.620140,57.364051
30.011961,50.057751,57.647246
29.264070,51.950786,58.039713
29.195257,52.114699,58.073003
29.135550,52.249889,58.101889
28.304230,54.109627,58.504068
27.402202,56.030753,58.940455
27.382067,56.073155,58.950195
27.360959,56.115926,58.960408
26.377075,57.969577,59.397412
25.425780,59.694269,59.819942
25.340901,59.836798,59.854388
25.229435,60.016840,59.899625
24.222619,61.639304,60.308225
23.458512,62.824278,60.618326
23.055295,63.400277,60.767006
22.397039,64.304569,61.009728
21.814721,65.102898,61.224450
21.459155,65.571850,61.355560
20.309957,66.894799,61.732578
19.135497,68.193437,62.117884
18.635369,68.682586,62.261792
16.907840,70.303076,62.758873
16.821631,70.383952,62.783679
16.796666,70.406420,62.790862
14.804915,71.960341,63.284679
14.442662,72.231293,63.374493
12.589047,73.414527,63.761215
12.073487,73.741317,63.868777
10.166864,74.744228,64.192581
9.689137,74.993577,64.273714
7.477966,75.913111,64.564533
7.289613,75.990751,64.589305
6.508347,76.231241,64.662506
4.874916,76.732148,64.815550
4.376566,76.833375,64.843627
2.445045,77.220124,64.952448
0.678048,77.393908,64.986813
0.000000,77.458892,65.000000
-0.717044,77.393174,64.986145
-2.430098,77.230272,64.953046
-4.581966,76.801453,64.832550
-4.845293,76.747919,64.817804
-5.559194,76.527089,64.751322
-7.245587,76.003935,64.594274
-7.731374,75.801236,64.530773
-9.630979,74.998780,64.282457
-10.457832,74.559401,64.142895
-12.001470,73.730181,63.882351
-12.894107,73.151663,63.697276
-14.357058,72.194096,63.393956
