-9.934934,45.195188,64.234085
-10.335684,44.819052,64.165070
-11.800941,43.416925,63.912731
-12.219315,43.002655,63.841024
-13.477548,41.571863,63.575258
-14.504900,40.160294,63.360254
-14.887322,39.569059,63.264644
-15.285236,38.818252,63.166136
-15.983378,37.380214,62.992312
-16.726364,35.414510,62.809644
-16.849594,35.052470,62.774095
-16.900250,34.852578,62.759702
-17.379089,32.522689,62.621720
-17.504345,31.522222,62.586568
-17.628676,29.822377,62.550330
-17.627654,28.496681,62.551335
-17.537763,26.914841,62.575939
-17.386691,25.701882,62.619242
-17.003088,23.705373,62.727404
-16.847090,23.150076,62.771390
-16.483730,22.420599,62.873844
-15.722133,20.965969,63.058919
-14.171885,19.068540,63.435642
-14.160398,19.055276,63.437991
-14.069723,18.984911,63.456537
-12.103874,17.440763,63.858853
-11.835545,17.348834,63.913295
-9.579848,16.216818,64.288749
-9.505223,16.180468,64.301176
-9.496263,16.176485,64.302332
-7.150404,15.505594,64.604913
-6.256393,15.281413,64.687069
-4.781261,15.077169,64.822629
-2.538127,14.833456,64.946571
-2.397793,14.824198,64.954325
-2.280114,14.820162,64.956566
0.000000,14.922647,65.000000
2.316700,14.946292,64.956373
2.371995,14.949383,64.955332
2.432741,14.953957,64.952011
4.730116,15.313205,64.826434
6.658009,15.658527,64.651161
7.074362,15.779272,64.613308
7.913687,16.045476,64.506211
9.389017,16.706860,64.318237
9.825346,16.877670,64.247044
11.689434,17.954810,63.940170
12.479681,18.357817,63.781621
13.988256,19.521496,63.476396
14.753170,20.047197,63.293955
16.297283,21.731999,62.922478
16.566187,21.995719,62.848053
16.906064,22.579778,62.753049
17.715960,24.284685,62.527237
18.241540,26.456706,62.380698
18.303406,26.863583,62.363448
18.249245,29.200224,62.377386
18.211974,29.705009,62.388060
17.947601,31.712877,62.461143
17.756421,32.741592,62.515356
17.433699,34.086092,62.605511
16.859445,36.014931,62.768465
16.744773,36.344196,62.800710
16.536672,36.852424,62.859916
15.804099,38.440025,63.037952
15.104207,39.743892,63.209889
14.701460,40.430737,63.308331
14.324089,40.997024,63.401411
13.355700,42.266562,63.601409
12.063637,43.758833,63.870633
11.830716,43.988262,63.910007
10.861863,44.833975,64.074549
9.912711,45.645162,64.235745
9.689146,45.825924,64.273713
7.692076,47.115086,64.536373
7.289620,47.359441,64.589305
5.091217,48.351176,64.795284
4.874921,48.441935,64.815550
4.081801,48.656150,64.860234
2.445047,49.070879,64.952448
1.758060,49.137765,64.965809
0.000000,49.270975,65.000000
-1.767840,49.062045,64.965108
-2.479123,48.956864,64.951070
-4.266037,48.424754,64.848996
-4.942439,48.214458,64.810358
-5.121933,48.132597,64.793308
-7.389950,46.998187,64.577866
-7.727534,46.777547,64.532849
-9.821655,45.293847,64.253593
-9.934934,45.195188,64.234085
