-2.509188,768.462219,64.949836
-4.510760,768.208686,64.834118
-4.990465,768.205302,64.806610
-5.522315,768.169138,64.756183
-7.405907,768.109640,64.576002
-8.956986,767.958605,64.368682
-9.802071,767.911193,64.256561
-10.916253,767.778986,64.065831
-12.181479,767.671625,63.848241
-13.061854,767.537428,63.662443
-14.543707,767.378786,63.351335
-16.881225,766.978400,62.768048
-16.886709,766.977631,62.766675
-16.889911,766.976959,62.765745
-19.215786,766.604821,62.093042
-20.503605,766.313814,61.668149
-21.526086,766.131930,61.332087
-22.922879,765.697446,60.814783
-23.590129,765.519797,60.567070
-24.079994,765.354485,60.366280
-25.619178,764.898246,59.737210
-27.460016,764.223961,58.911237
-27.609942,764.175191,58.844154
-27.841713,764.083866,58.730854
-29.567000,763.475417,57.885939
-30.612650,763.027815,57.328922
-31.486653,762.693848,56.864577
-33.032219,761.988667,55.974585
-33.369648,761.848384,55.779990
-33.548262,761.759554,55.668712
-35.218655,761.015045,54.630709
-36.307678,760.442290,53.901633
-37.050919,760.312048,53.404867
-37.709532,760.202612,52.931494
-38.880713,760.019689,52.089250
-39.805048,759.552497,51.373750
-40.619615,759.098930,50.743637
-42.245533,758.179560,49.396705
-42.305565,758.154119,49.346970
-42.343041,758.134214,49.313762
-43.929145,757.289921,47.908003
-44.775489,756.742551,47.105930
-45.501524,756.272014,46.417719
-46.882679,755.207991,45.017981
-47.022662,755.099938,44.876081
-47.533778,754.638459,44.322110
-48.492452,753.800129,43.283123
-48.725522,753.561984,43.012994
-49.910913,752.348415,41.638748
-50.355814,751.822396,41.086975
-51.278038,750.729951,39.942879
-51.813213,750.004401,39.232261
-52.593781,748.944197,38.195474
-53.250628,748.221400,37.258525
-53.812541,747.630371,36.456780
-54.723800,746.532398,35.063610
-54.969899,745.845150,34.687301
-55.489520,744.297206,33.833947
-56.063752,742.368433,32.890862
-56.166126,742.000647,32.709792
-56.295633,741.471384,32.480717
-56.748433,739.646194,31.679817
-57.097364,738.033307,31.062602
-57.258551,737.234254,30.754586
-57.385546,736.502481,30.511894
-57.680941,734.761362,29.946775
-58.050546,732.245377,29.242574
-58.051381,732.239169,29.240840
-58.051803,732.235487,29.239970
-58.351850,729.669213,28.618243
-58.476435,728.393782,28.361562
-58.610469,727.055308,28.084200
-58.796652,724.775333,27.701479
-58.828343,724.398766,27.635979
-58.923713,723.213695,27.439845
-59.034040,721.711752,27.191907
-59.063812,721.261794,27.125215
-59.219594,719.009571,26.775340
-59.293680,717.815055,26.609510
-59.392606,716.293348,26.387461
-59.501335,714.418842,26.144286
-59.553488,713.563558,26.027294
-59.688438,711.069339,25.725722
-59.702628,710.820653,25.693907
-59.764513,709.590845,25.555731
-59.834280,708.064564,25.384447
-59.845872,707.772330,25.356130
-59.950800,705.295883,25.098668
-59.979041,704.520820,25.029749
-60.051826,702.511377,24.851874
-60.086246,701.369631,24.767533
-60.139289,699.712191,24.637885
-60.187175,698.232593,24.520677
-60.231724,696.927189,24.411625
-60.287544,695.095629,24.274998
-60.318491,694.135515,24.199244
-60.380268,691.977157,24.048039
-60.399701,691.337299,24.000469
-60.465652,688.876440,23.839055
-60.475463,688.532668,23.815037
-60.543983,685.792782,23.647339
-60.545882,685.721746,23.642689
-60.564329,684.928215,23.597542
-60.607077,682.904128,23.482401
-60.610221,682.729193,23.473936
-60.662003,680.080316,23.334463
-60.668543,679.682263,23.316852
-60.712320,677.250631,23.198941
-60.721279,676.649955,23.174815
-60.761527,674.420166,23.066376
-60.775699,673.613091,23.028209
-60.813302,671.592542,22.926943
-60.830579,670.576004,22.880418
-60.863294,668.762647,22.792313
-60.883315,667.544523,22.738398
-60.911525,665.930511,22.662428
-60.933948,664.518543,22.602041
-60.958015,663.096160,22.537227
-60.982519,661.497958,22.471239
-61.002788,660.259623,22.416654
-61.029066,658.482668,22.345888
-61.045863,657.420925,22.300652
-61.073626,655.472573,22.225886
-61.087262,654.580093,22.189164
-61.116237,652.467578,22.111134
-61.127005,651.737153,22.082136
-61.156935,649.467588,22.001535
-61.165008,648.890395,21.980142
-61.195235,646.480415,21.898665
-61.201099,646.043219,21.882860
-61.232123,643.488262,21.799237
-61.235945,643.194444,21.788934
-61.267595,640.499894,21.703624
-61.269560,640.344088,21.698328
-61.301673,637.515253,21.611767
-61.301955,637.492167,21.611007
-61.307597,636.977445,21.595799
-61.330173,634.646119,21.527466
-61.330893,634.560122,21.525288
-61.356671,631.799813,21.447263
-61.358171,631.613008,21.442723
-61.382115,628.951630,21.370251
-61.384296,628.668160,21.363649
-61.406517,626.101589,21.296394
-61.409285,625.725545,21.288015
-61.429887,623.249710,21.225659
-61.433584,622.784284,21.214467
-61.459333,620.408659,21.136530
-61.465036,619.828970,21.119269
-61.489055,617.568097,21.046570
-61.495725,616.875155,21.026381
-61.518094,614.726319,20.958676
-61.525660,613.922822,20.935776
-61.546457,611.883336,20.872829
-61.554848,610.971956,20.847431
-61.574149,609.039159,20.789011
-61.583298,608.022540,20.761319
-61.601177,606.193797,20.707205
-61.611019,605.074557,20.677416
-61.627546,603.347262,20.627393
-61.638017,602.127993,20.595697
-61.653261,600.499562,20.549558
-61.664302,599.182831,20.516139
-61.678329,597.650709,20.473683
-61.689716,596.239381,20.439219
-61.700990,594.802727,20.405593
-61.710635,593.334821,20.375909
-61.721376,591.956327,20.343848
-61.731325,590.430658,20.313202
-61.741546,589.109591,20.282670
-61.751787,587.526887,20.251091
-61.761501,586.262523,20.222055
-61.772026,584.623503,20.189570
-61.781245,583.415127,20.161994
-61.792044,581.720502,20.128632
-61.800779,580.567405,20.102483
-61.811843,578.817880,20.068269
-61.820106,577.719363,20.043514
-61.831426,575.915631,20.008475
-61.839229,574.871004,19.985082
-61.850796,573.013751,19.949244
-61.858150,572.022330,19.927181
-61.875248,570.081670,19.875061
-61.884021,569.168422,19.847692
-61.903389,567.070929,19.790071
-61.910724,566.300682,19.767220
-61.931222,564.061015,19.706354
-61.937157,563.432279,19.687890
-61.958748,561.051918,19.623898
-61.963322,560.563218,19.609692
-61.985970,558.043633,19.542691
-61.989218,557.693505,19.532618
-62.012890,555.036152,19.462723
-62.014848,554.823144,19.456657
-62.039508,552.029467,19.383981
-62.040213,551.952141,19.381802
-62.054662,550.300167,19.339300
-62.063517,549.080375,19.307957
-62.063911,549.023894,19.306644
-62.084161,546.207811,19.235082
-62.085222,546.023911,19.231445
-62.102811,543.351988,19.171168
-62.104323,543.089003,19.165986
-62.121418,540.469585,19.110977
-62.122744,540.199306,19.106058
-62.140384,537.585757,19.048974
-62.141810,537.308075,19.043684
-62.159965,534.703331,18.984618
-62.161509,534.415326,18.978887
-62.180144,531.822288,18.917939
-62.181826,531.521077,18.911693
-62.200905,528.942608,18.848968
-62.202746,528.625344,18.842126
-62.222234,526.064273,18.777736
-62.224257,525.728142,18.770209
-62.244115,523.187263,18.704272
-62.246344,522.829488,18.695967
-62.266534,520.311562,18.628604
-62.269210,519.923536,18.619199
-62.288541,517.464496,18.551240
-62.291879,516.978276,18.539506
-62.307979,514.635591,18.479664
-62.312130,513.994230,18.465984
-62.327276,511.810146,18.409910
-62.332504,511.010330,18.392729
-62.346678,508.984547,18.340459
-62.353000,508.026573,18.319738
-62.366183,506.158796,18.271307
-62.373619,505.042957,18.247007
-62.385794,503.332896,18.202450
-62.394361,502.059480,18.174533
-62.405511,500.506849,18.133885
-62.415226,499.076140,18.102312
-62.425333,497.680657,18.065606
-62.436215,496.092935,18.030341
-62.445261,494.854322,17.997611
-62.458261,493.132264,17.953062
-62.467949,492.006659,17.919860
-62.481615,490.188140,17.873027
-62.486814,489.151270,17.855211
-62.494738,487.266187,17.828057
-62.499913,486.284227,17.810321
-62.508577,484.342680,17.780630
-62.513683,483.418540,17.763132
-62.523127,481.417636,17.730769
-62.528115,480.554191,17.713674
-62.538379,478.491068,17.678501
-62.543201,477.691163,17.661977
-62.554327,475.562993,17.623848
-62.558931,474.829438,17.608071
-62.570964,472.633426,17.566836
-62.575298,471.968999,17.551983
-62.588282,469.702381,17.507486
-62.592292,469.109829,17.493744
-62.608462,466.765136,17.438331
-62.612458,466.257069,17.424638
-62.629149,463.826792,17.367438
-62.633447,463.401910,17.353278
-62.653920,460.920362,17.279641
-62.657787,460.533857,17.266864
-62.678315,458.014516,17.192738
-62.681771,457.665284,17.181286
-62.702341,455.109248,17.106717
-62.705406,454.796196,17.096534
-62.726005,452.204550,17.021566
-62.728696,451.926600,17.012597
-62.749312,449.300412,16.937273
-62.751647,449.056503,16.929466
-62.772267,446.396829,16.853826
-62.774265,446.185911,16.847129
-62.794878,443.493791,16.771213
-62.796555,443.314830,16.765577
-62.814387,440.558609,16.702903
-62.815112,440.460435,16.700357
-62.833404,437.621679,16.636068
-62.833516,437.605867,16.635655
-62.835560,437.315040,16.628879
-62.849101,434.776644,16.569723
-62.849842,434.640010,16.566924
-62.865047,431.949027,16.501003
-62.866728,431.656350,16.494655
-62.881842,429.123004,16.429600
-62.884583,428.670637,16.419249
-62.899484,426.298553,16.355553
-62.903408,425.682891,16.340739
-62.917969,423.475652,16.278903
-62.923204,422.693130,16.259158
-62.937297,420.654280,16.199688
-62.943972,419.701375,16.174536
-62.957465,417.834415,16.117945
-62.963828,416.728312,16.092634
-62.975514,414.982961,16.046148
-62.982354,413.788507,16.018940
-62.993400,412.131126,15.975001
-63.000708,410.849132,15.945933
-63.008051,409.271751,15.916725
-63.013675,407.923215,15.894353
-63.022076,406.410919,15.860934
-63.029279,404.990709,15.832281
-63.038531,403.555749,15.795480
-63.047503,402.051659,15.759790
-63.057367,400.706129,15.720552
-63.068327,399.106110,15.676953
-63.078538,397.861950,15.636337
-63.091735,396.154108,15.583842
-63.101998,395.023106,15.543016
-63.117707,393.195698,15.480529
-63.127703,392.189495,15.440765
-63.139190,390.248503,15.395072
-63.145466,389.337372,15.370109
-63.157410,387.309462,15.322596
-63.163063,386.484864,15.300111
-63.175455,384.370857,15.250814
-63.180297,383.631511,15.231555
-63.192921,381.433700,15.181337
-63.197392,380.777833,15.163554
-63.211125,378.494699,15.108926
-63.215154,377.925710,15.092898
-63.230058,375.553877,15.033615
-63.233574,375.075120,15.019627
-63.249711,372.611255,14.955436
-63.252641,372.226037,14.943783
-63.270077,369.666852,14.874424
-63.272345,369.378440,14.865403
-63.291147,366.720689,14.790610
-63.292677,366.532306,14.784525
-63.310505,363.778804,14.713606
-63.311234,363.682036,14.710706
-63.329556,360.837688,14.637826
-63.329604,360.831328,14.637636
-63.330896,360.629648,14.632496
-63.345178,357.980122,14.564972
-63.345548,357.897597,14.563223
-63.361817,355.132388,14.486307
-63.362703,354.953469,14.482114
-63.378679,352.285270,14.406585
-63.380079,352.008690,14.399962
-63.395731,349.438675,14.325964
-63.397673,349.063270,14.316783
-63.412970,346.592594,14.244458
-63.415480,346.117220,14.232594
-63.430393,343.747020,14.162084
-63.433497,343.170548,14.147409
-63.447997,340.901942,14.078856
-63.451858,340.222864,14.060600
-63.466570,338.059532,13.991045
-63.471015,337.272833,13.970032
-63.484909,335.216477,13.904341
-63.489921,334.323538,13.880643
-63.503018,332.372790,13.818723
-63.508584,331.374965,13.792410
-63.519492,329.524603,13.740838
-63.524895,328.433328,13.715294
-63.536024,326.676576,13.662677
-63.542437,325.488058,13.632356
-63.553650,323.831560,13.579341
-63.561191,322.539213,13.543687
-63.572346,320.989487,13.490952
-63.581138,319.586850,13.449381
-63.592085,318.150287,13.397624
-63.602259,316.631024,13.349524
-63.612846,315.313895,13.299472
-63.623466,313.674944,13.249261
-63.632760,312.475175,13.205321
-63.644045,310.720716,13.151965
-63.652389,309.635670,13.112518
-63.664319,307.767389,13.056114
-63.671739,306.795398,13.021033
-63.684294,304.814943,12.961675
-63.691321,303.946761,12.930004
-63.703586,301.905251,12.868003
-63.710242,301.079803,12.837876
-63.722732,298.995651,12.774445
-63.729021,298.212761,12.745857
-63.741733,296.086142,12.680997
-63.747659,295.345636,12.653943
-63.760589,293.176720,12.587656
-63.766155,292.478430,12.562132
-63.779302,290.267386,12.494419
-63.784513,289.611145,12.470421
-63.799378,287.322162,12.398360
-63.803643,286.772616,12.377683
-63.819144,284.367207,12.302542
-63.822486,283.933261,12.286340
-63.838601,281.413212,12.208220
-63.841048,281.093097,12.196359
-63.857757,278.460153,12.115358
-63.859575,278.254951,12.106170
-63.882381,275.450079,12.001291
-63.882382,275.449956,12.001286
-63.882396,275.448287,12.001223
-63.899103,272.644580,11.896051
-63.900217,272.442380,11.889936
-63.915854,269.838501,11.792089
-63.918096,269.435452,11.779849
-63.932642,267.031736,11.689370
-63.936024,266.429275,11.670999
-63.949470,264.224305,11.587863
-63.953803,263.435492,11.562691
-63.967765,261.392236,11.481589
-63.972763,260.473701,11.452556
-63.985723,258.559034,11.377274
-63.991360,257.513216,11.344527
-64.003353,255.724732,11.274862
-64.009605,254.554000,11.238545
-64.020665,252.889358,11.174304
-64.027508,251.596018,11.134552
-64.038146,250.054557,11.072755
-64.046355,248.634636,11.025076
-64.056563,247.222897,10.965775
-64.066065,245.670142,10.910581
-64.075709,244.393685,10.854560
-64.086620,242.702609,10.791182
-64.095562,241.566848,10.739237
-64.107999,239.732106,10.666991
-64.116102,238.742318,10.619925
-64.128323,236.765404,10.548933
-64.134883,235.911880,10.510832
-64.147789,233.801795,10.435863
-64.153276,233.080139,10.403990
-64.166835,230.839694,10.325228
-64.171293,230.247137,10.299331
-64.185475,227.879054,10.216949
-64.188946,227.412910,10.196788
-64.203723,224.919829,10.110953
-64.206256,224.577533,10.096235
-64.221918,221.960793,10.005260
-64.223596,221.742256,9.995511
-64.240815,218.999228,9.895489
-64.241533,218.908982,9.891320
-64.254129,216.989871,9.818153
-64.258759,216.077722,9.783421
-64.258927,216.035599,9.782153
-64.273679,213.248503,9.671492
-64.274440,213.070410,9.665781
-64.289430,210.422860,9.553337
-64.290786,210.101372,9.543158
-64.304796,207.595563,9.438062
-64.306719,207.134245,9.423638
-64.319793,204.766671,9.325563
-64.322253,204.168957,9.307103
-64.334432,201.936241,9.215741
-64.337405,201.205440,9.193444
-64.348728,199.104328,9.108502
-64.352187,198.243629,9.082556
-64.362661,196.270853,9.003979
-64.366578,195.283623,8.974599
-64.376633,193.437547,8.899165
-64.381228,192.322418,8.864695
-64.390813,190.605133,8.792796
-64.396129,189.360056,8.752910
-64.405191,187.773579,8.684932
-64.411299,186.396456,8.639117
-64.419834,184.943161,8.575089
-64.426444,183.432965,8.525501
-64.434107,182.111150,8.468019
-64.441192,180.471311,8.414867
-64.448023,179.277606,8.363619
-64.455558,177.511422,8.307099
-64.461598,176.442584,8.261791
-64.469556,174.553230,8.202087
-64.474841,173.606139,8.162440
-64.483201,171.596671,8.099727
-64.488330,170.770750,8.061250
-64.498506,168.632447,7.984920
-64.502963,167.940291,7.951480
-64.514353,165.665712,7.866037
-64.518045,165.111764,7.838344
-64.530723,162.696563,7.743233
-64.533555,162.285087,7.721991
-64.546228,159.731412,7.626922
-64.548049,159.454031,7.613258
-64.561181,156.768809,7.514747
-64.562136,156.621220,7.507582
-64.575696,153.808234,7.405865
-64.575833,153.786725,7.404835
-64.578171,153.294800,7.387299
-64.586106,150.950975,7.303735
-64.586330,150.850701,7.301368
-64.595468,148.113731,7.205140
-64.595951,147.895188,7.200052
-64.604579,145.274977,7.109188
-64.605307,144.941382,7.101527
-64.615473,142.461556,6.999963
-64.616622,142.035671,6.986941
-64.626593,139.652762,6.886714
-64.628061,139.128558,6.870039
-64.637800,136.845039,6.771532
-64.639308,136.209944,6.755445
-64.647091,134.007222,6.672419
-64.648859,133.251660,6.653566
-64.656113,131.167787,6.576184
-64.658123,130.295314,6.554735
-64.664876,128.326804,6.482705
-64.667115,127.340820,6.458816
-64.673391,125.484338,6.391864
-64.675845,124.388096,6.365684
-64.681670,122.640451,6.303551
-64.684326,121.437068,6.275218
-64.689721,119.795201,6.217662
-64.692567,118.487662,6.187305
-64.698493,116.954610,6.124218
-64.702355,115.529995,6.082903
-64.708021,114.118979,6.022567
-64.712478,112.570025,5.974880
-64.717825,111.285027,5.917928
-64.721896,109.613596,5.874476
-64.726144,108.441378,5.829140
-64.730411,106.662223,5.783597
-64.734215,105.596242,5.742997
-64.738665,103.712625,5.695508
-64.742050,102.749687,5.659382
-64.746669,100.764723,5.610083
-64.749658,99.901773,5.578186
-64.754435,97.818442,5.527202
-64.757048,97.052559,5.499305
-64.761972,94.873709,5.446754
-64.764231,94.202099,5.422642
-64.769292,91.930457,5.368634
-64.771607,91.352796,5.343926
-64.778611,88.973671,5.269167
-64.780485,88.512521,5.249164
-64.788011,86.016334,5.168835
-64.789427,85.672625,5.153725
-64.795514,83.071840,5.088756
-64.796389,82.820838,5.079425
-64.802593,80.130221,5.013203
-64.803151,79.967854,5.007255
-64.809463,77.190022,4.939880
-64.809721,77.113724,4.937125
-64.815550,74.511611,4.874916
-64.815891,74.258521,4.868867
-64.815896,74.251264,4.868781
-64.819678,71.402519,4.801652
-64.819736,71.314625,4.800624
-64.823361,68.545491,4.736274
-64.823469,68.379179,4.734354
-64.826945,65.687480,4.672657
-64.827101,65.444879,4.669894
-64.831310,62.837199,4.595188
-64.831648,62.500293,4.589182
-64.835544,59.985622,4.520042
-64.835720,59.561041,4.516901
-64.837751,57.113968,4.480867
-64.837945,56.642538,4.477410
-64.839920,54.241938,4.442368
-64.840132,53.724470,4.438606
-64.842052,51.369541,4.404527
-64.842280,50.806825,4.400471
-64.844147,48.496785,4.367327
-64.844392,47.889592,4.362988
-64.846208,45.623681,4.330752
-64.846468,44.972761,4.326140
-64.848234,42.750236,4.294787
-64.848509,42.056322,4.289912
-64.850227,39.876459,4.259417
-64.850516,39.140265,4.254287
-64.854441,37.087015,4.203175
-64.854825,36.390423,4.190916
-64.857554,34.315762,4.160791
-64.857412,33.619025,4.163395
-64.856508,31.412353,4.179934
-64.856370,30.739051,4.182462
-64.855452,28.508852,4.199254
-64.855318,27.859202,4.201705
-64.854386,25.605258,4.218755
-64.854256,24.979480,4.221126
-64.853310,22.701570,4.238438
-64.853185,22.099887,4.240729
-64.852224,19.797787,4.258306
-64.852103,19.220424,4.260515
-64.851128,16.893906,4.278362
-64.851012,16.341093,4.280487
-64.850021,13.989927,4.298608
-64.849910,13.461896,4.300647
-64.842792,10.919078,4.466614
-64.842027,10.738195,4.478871
-64.837333,9.914297,4.579987
-64.817076,8.115052,4.797202
-64.810841,7.695402,4.872372
-64.790009,5.458872,5.113133
-64.777278,4.583631,5.260268
-64.759646,2.822656,5.464049
-64.737861,1.433798,5.715810
-64.724773,0.224649,5.867075
-64.690914,-1.765004,6.258383
-64.684307,-2.325957,6.334749
-64.649721,-4.185692,6.734464
-64.633227,-4.826248,6.870311
-64.625515,-5.039173,6.933830
-64.561792,-7.286031,7.458679
-64.515236,-8.446509,7.842128
-64.476820,-9.663625,8.158536
-64.380150,-11.751503,8.954823
-64.367020,-11.969474,9.038624
-64.357212,-12.119050,9.101231
-64.243048,-14.337956,9.829913
-64.157529,-15.835606,10.375841
-64.121479,-16.717742,10.605954
-64.034362,-18.576827,11.162122
-64.001900,-19.134697,11.330929
-63.983000,-19.420974,11.429226
-63.888131,-21.648768,11.922568
-63.826101,-22.866411,12.245196
-63.767359,-24.113064,12.550701
-63.636091,-26.353021,13.233409
-63.629141,-26.490996,13.269555
-63.612169,-26.761214,13.357820
-63.457476,-28.832569,14.035388
-63.350410,-30.013084,14.504349
-63.262179,-31.109189,14.890809
-63.085532,-33.044404,15.654968
-63.041791,-33.463340,15.820525
-63.012911,-33.711041,15.927570
-62.796633,-35.822226,16.739215
-62.611100,-37.432038,17.420897
-62.538591,-38.156604,17.690722
-62.400596,-39.371628,18.193334
-62.258882,-40.480875,18.652982
-62.156281,-41.195171,18.980010
-61.955768,-42.795174,19.625523
-61.640733,-45.010761,20.621987
-61.633077,-45.073350,20.646453
-61.619687,-45.168774,20.688485
-61.303683,-47.250225,21.580372
-61.065093,-48.628372,22.243513
-60.953878,-49.378944,22.555314
-60.773582,-50.433737,23.053001
-60.576781,-51.481788,23.548874
-60.394263,-52.328043,24.005317
-60.181693,-53.452049,24.537247
-59.940137,-54.659228,25.140942
-59.773454,-55.420530,25.520975
-59.600048,-56.169744,25.915883
-59.351324,-57.330233,26.481852
-59.081007,-58.515453,27.099466
-58.913458,-59.188374,27.448708
-58.727586,-59.890536,27.837559
-58.446092,-61.028641,28.425386
-58.168259,-62.081805,29.007695
-57.950376,-62.841249,29.426271
-57.680639,-63.723494,29.946171
-57.421539,-64.629103,30.444797
-57.192102,-65.379030,30.887796
-56.856917,-66.389471,31.483429
-56.386718,-67.716039,32.321472
-56.255071,-68.112148,32.555804
-56.152105,-68.410050,32.739635
-55.599344,-69.890788,33.651205
-55.048568,-71.316766,34.562031
-54.913219,-71.642200,34.769434
-54.679351,-72.185642,35.128734
-54.190999,-73.387167,35.878253
-53.881774,-74.120756,36.354099
-53.432482,-75.112270,36.996479
-52.651117,-76.774833,38.116399
-52.635413,-76.805599,38.137297
-52.604647,-76.864498,38.178339
-51.821702,-78.444631,39.221878
-51.386979,-79.300609,39.802676
-50.972510,-80.054226,40.319507
-50.104788,-81.592870,41.403984
-50.083871,-81.632044,41.430106
-50.072942,-81.651970,41.443786
-49.152558,-83.197030,42.519674
-48.696346,-83.935330,43.053606
-48.129652,-84.784325,43.673661
-47.240853,-86.103738,44.646335
-47.064171,-86.346380,44.827149
-46.546137,-87.051190,45.357396
-45.954631,-87.892946,45.962816
-45.733813,-88.204053,46.188872
-44.798027,-89.419669,47.084810
-44.175199,-90.220492,47.681224
-43.588609,-90.914863,48.206539
-42.564960,-92.113934,49.123420
-42.321484,-92.376004,49.327331
-41.326344,-93.435642,50.160906
-40.992990,-93.805228,50.440128
-40.903106,-93.903726,50.515429
-39.600818,-95.207129,51.535197
-39.189655,-95.613719,51.857217
-38.178666,-96.593207,52.594220
-37.399720,-97.296769,53.161290
-36.639466,-97.925053,53.677493
-35.533670,-98.853446,54.426372
-35.046046,-99.226407,54.733606
-33.632605,-100.325476,55.621827
-33.393467,-100.494031,55.761241
-31.696646,-101.710908,56.747821
-31.676067,-101.724208,56.758885
-31.462739,-101.864614,56.873268
-29.890753,-102.913066,57.716242
-29.730843,-103.019765,57.801986
-28.024015,-104.053205,58.642807
-27.729389,-104.231673,58.787933
-26.067104,-105.139549,59.536881
-25.691640,-105.344709,59.706031
-24.010711,-106.166527,60.395145
-23.617601,-106.358818,60.556288
-21.844195,-107.127776,61.213804
-21.517606,-107.281343,61.335080
-19.708789,-107.941981,61.930208
-19.179007,-108.143797,62.104449
-19.044451,-108.186225,62.143262
-16.835112,-108.938464,62.780551
-15.968194,-109.175877,62.996013
-14.475938,-109.621256,63.366894
-12.661883,-110.039878,63.746278
-12.101483,-110.182629,63.863477
-10.936061,-110.399269,64.061877
-9.711747,-110.648509,64.270301
-9.053743,-110.739533,64.357049
-7.306731,-111.017511,64.587365
-5.056589,-111.226295,64.798689
-4.886435,-111.245480,64.814670
-4.664208,-111.255537,64.827220
-2.450858,-111.407618,64.952215
-0.515596,-111.416840,64.989947
0.000000,-111.428030,65.000000
0.570410,-111.413938,64.989785
2.261867,-111.404543,64.959495
3.588368,-111.313892,64.890345
4.511677,-111.274066,64.842213
5.526325,-111.163689,64.754223
6.749432,-111.057873,64.648156
7.998772,-110.869866,64.496129
8.975130,-110.744910,64.377321
9.812722,-110.581678,64.245793
11.188771,-110.348558,64.029711
13.022312,-109.918396,63.676269
13.394333,-109.839375,63.604484
13.644038,-109.771822,63.547139
15.605849,-109.285533,63.097731
17.177037,-108.806289,62.679479
17.802988,-108.629814,62.513227
18.993205,-108.227339,62.152401
19.986374,-107.902600,61.850986
20.461819,-107.698032,61.687612
22.129457,-107.012716,61.115693
23.516331,-106.355396,60.585887
24.239870,-106.043343,60.309926
26.097411,-105.100793,59.526165
26.322370,-104.990145,59.431206
26.400371,-104.945415,59.395005
28.368513,-103.866644,58.482640
29.038353,-103.444283,58.142995
30.377917,-102.634863,57.464544
31.487956,-101.871599,56.852314
32.350737,-101.301848,56.376998
33.777639,-100.239149,55.524217
34.287115,-99.874050,55.220075
35.929933,-98.556265,54.159699
36.187182,-98.357381,53.993842
37.962913,-96.830432,52.759557
38.051057,-96.757273,52.698359
39.245468,-95.594075,51.804813
39.765962,-95.089832,51.415399
39.799332,-95.054176,51.388676
41.431237,-93.343378,50.083332
41.519253,-93.241913,50.008013
43.046902,-91.513267,48.702275
43.139595,-91.398219,48.617545
44.642418,-89.660312,47.244555
44.734665,-89.541201,47.154449
46.189434,-87.675793,45.733245
46.215254,-87.638989,45.706279
46.503109,-87.231452,45.405606
47.593644,-85.698112,44.266524
47.685995,-85.569089,44.170048
48.882445,-83.723458,42.833804
49.132087,-83.340755,42.554952
50.092672,-81.719055,41.407623
50.527698,-80.989082,40.887942
51.233037,-79.688407,39.986655
51.872813,-78.515640,39.169010
52.300137,-77.619699,38.582392
53.158226,-75.805628,37.404219
53.288403,-75.503852,37.212528
53.678255,-74.592623,36.638345
54.212644,-73.369787,35.851322
54.387194,-72.989098,35.593777
55.111528,-71.239530,34.445797
55.596857,-70.015883,33.673892
55.935642,-69.069972,33.093650
56.597369,-67.140255,31.955846
56.694617,-66.865833,31.788843
56.740597,-66.730569,31.709571
57.384731,-64.635196,30.510096
57.817181,-63.167524,29.701260
58.027796,-62.375898,29.274359
58.316340,-61.243385,28.686621
58.625756,-60.096821,28.057542
58.825007,-59.346452,27.650638
59.188702,-57.807390,26.842065
59.672553,-55.725759,25.761070
59.726670,-55.506345,25.640400
59.762696,-55.358029,25.559685
60.227903,-53.205204,24.419281
60.637841,-51.086171,23.407703
60.679659,-50.838879,23.294283
60.716298,-50.607144,23.194047
61.087792,-48.457429,22.182034
61.451533,-46.217946,21.182742
61.474223,-46.062382,21.113056
61.488163,-45.954033,21.069761
61.809698,-43.774867,20.077510
62.037595,-42.040918,19.366383
62.125198,-41.452655,19.094738
62.240384,-40.591465,18.733618
62.413360,-39.121892,18.121136
62.509850,-38.202007,17.774832
62.680149,-36.775897,17.168523
62.934035,-34.409132,16.252506
62.934339,-34.406613,16.251416
62.934783,-34.402551,16.249806
63.158076,-32.043696,15.318779
63.281607,-30.638416,14.799661
63.371764,-29.724904,14.420788
63.497259,-28.185173,13.893420
63.554073,-27.349348,13.609813
63.577835,-26.914776,13.491200
63.703663,-24.930916,12.863092
63.783324,-23.373157,12.465441
63.834392,-22.441921,12.212118
63.942752,-20.020738,11.663900
63.951361,-19.897039,11.620898
63.967615,-19.626951,11.538421
64.074623,-17.445624,10.882722
64.112606,-16.534314,10.644868
64.201454,-15.025122,10.096083
64.311243,-12.910279,9.405390
64.330608,-12.620289,9.284886
64.359302,-12.143639,9.103367
64.447138,-10.263456,8.395605
64.486297,-9.213360,8.076512
64.547693,-7.897872,7.576220
64.623536,-5.598398,6.958196
64.630220,-5.437639,6.903735
64.642176,-5.033267,6.806307
64.686212,-2.929542,6.302779
64.695709,-2.214165,6.194181
64.730859,-0.363152,5.792260
64.748123,1.063877,5.594844
64.768778,2.252530,5.358666
64.791239,4.273700,5.101837
64.801384,4.907143,4.985828
64.827328,7.431978,4.689168
64.829620,7.589207,4.661781
64.837050,8.371523,4.583986
64.845668,10.244077,4.394619
64.846467,10.587440,4.383839
64.848407,13.012217,4.314712
64.848544,13.580112,4.312244
64.849651,15.892151,4.292204
64.849793,16.487434,4.289631
64.850882,18.772226,4.269931
64.851030,19.394612,4.267254
64.852100,21.652440,4.247888
64.852253,22.301647,4.245111
64.853305,24.532792,4.226073
64.853464,25.208543,4.223197
64.854498,27.413278,4.204481
64.854662,28.115301,4.201509
64.855679,30.293898,4.183109
64.855848,31.021923,4.180043
64.856848,33.174648,4.161955
64.857022,33.928411,4.158796
64.854398,36.050562,4.184831
64.854013,36.852569,4.198153
64.849990,38.939469,4.248640
64.849664,39.751076,4.254349
64.847967,41.853747,4.284056
64.847655,42.623898,4.289519
64.845910,44.768376,4.320070
64.845612,45.496374,4.325277
64.843818,47.683363,4.356696
64.843535,48.368494,4.361638
64.841690,50.598720,4.393952
64.841423,51.240251,4.398619
64.839525,53.514454,4.431852
64.839274,54.111634,4.436234
64.837322,56.430576,4.470414
64.837088,56.982633,4.474500
64.835080,59.347097,4.509656
64.834864,59.853239,4.513435
64.831856,62.305715,4.580808
64.831351,62.672706,4.587944
64.827785,65.278192,4.667052
64.827657,65.490352,4.669350
64.824338,68.208475,4.728617
64.824253,68.347344,4.730140
64.820798,71.139745,4.791832
64.820758,71.203369,4.792540
64.817804,73.559589,4.845293
64.816765,74.058440,4.856457
64.816721,74.072177,4.856922
64.810720,76.912718,4.921362
64.810422,77.006345,4.924570
64.804511,79.765923,4.988041
64.803942,79.941672,4.994147
64.798129,82.618010,5.056568
64.797275,82.878208,5.065736
64.791568,85.468932,5.127023
64.789875,85.812312,5.142924
64.782961,88.357762,5.230867
64.781166,88.719485,5.247502
64.774303,91.247233,5.333602
64.772412,91.625998,5.350897
64.766353,94.101371,5.413665
64.764633,94.566404,5.431484
64.758713,96.948847,5.492801
64.756613,97.508257,5.514560
64.750845,99.794944,5.574306
64.748342,100.451626,5.600240
64.742738,102.639599,5.658289
64.739807,103.396583,5.688649
64.734380,105.482746,5.744865
64.730996,106.343206,5.779921
64.725760,108.324313,5.834156
64.721895,109.291576,5.874195
64.716866,111.164225,5.926292
64.713331,112.254932,5.969622
64.708235,113.944418,6.013747
64.704133,115.243217,6.064924
64.699795,116.723735,6.102789
64.695157,118.232349,6.161728
64.692232,119.530053,6.193094
64.686610,121.180541,6.253376
64.683892,122.369255,6.282532
64.677804,124.130395,6.347812
64.675305,125.206854,6.374611
64.668725,127.081990,6.445166
64.666461,128.042777,6.469448
64.659362,130.035408,6.545574
64.657348,130.876948,6.567171
64.649700,132.990734,6.649183
64.647953,133.709286,6.667913
64.639725,135.948063,6.756148
64.638264,136.539704,6.771815
64.630847,138.961953,6.864818
64.629769,139.341708,6.874618
64.622403,141.987189,6.969523
64.621996,142.146321,6.973197
64.616751,144.239253,7.042853
64.613366,144.953888,7.066710
64.613086,145.009370,7.069136
64.601109,147.786437,7.163692
64.600061,147.967409,7.171966
64.588466,150.617765,7.263507
64.586647,150.927375,7.277868
64.575461,153.447315,7.366175
64.572826,153.889355,7.386981
64.562079,156.275010,7.471822
64.558579,156.853444,7.499454
64.548303,159.100767,7.580578
64.543887,159.819740,7.615444
64.534116,161.924500,7.692583
64.528235,162.776901,7.736967
64.518577,164.755425,7.817283
64.512205,165.707499,7.865049
64.503464,167.589094,7.937542
64.496688,168.634976,7.987974
64.488809,170.425632,8.053163
64.481719,171.559215,8.105555
64.475136,173.261030,8.156518
64.468632,174.514552,8.206880
64.462447,176.093927,8.254763
64.455209,177.471471,8.310798
64.449445,178.925329,8.355430
64.441439,180.430034,8.417411
64.436118,181.755182,8.458608
64.427307,183.390305,8.526824
64.422455,184.583425,8.564394
64.412799,186.352353,8.639149
64.408441,187.409998,8.672888
64.395445,189.275737,8.762096
64.391179,190.295856,8.800507
64.378298,192.175629,8.887554
64.374232,193.184285,8.923883
64.361523,195.072896,9.008429
64.357644,196.075386,9.042859
64.345163,197.967453,9.124578
64.341378,198.948364,9.152514
64.331172,200.921148,9.227848
64.327810,201.782874,9.252666
64.316857,203.876236,9.333508
64.313938,204.616064,9.355058
64.302207,206.832767,9.441643
64.299752,207.447889,9.459766
64.287210,209.790790,9.552340
64.285241,210.278302,9.566871
64.271853,212.750361,9.665693
64.270395,213.107255,9.676456
64.257125,215.765770,9.785943
64.256544,215.888043,9.789762
64.249826,217.322315,9.846138
64.239910,218.670824,9.899144
64.239023,218.787698,9.904689
64.220425,221.455677,10.004452
64.217884,221.808195,10.020530
64.201851,224.242346,10.106786
64.197864,224.826164,10.132319
64.185480,227.066239,10.205666
64.180507,227.782251,10.235119
64.168688,229.898921,10.305125
64.162790,230.739640,10.340059
64.151561,232.730387,10.406571
64.144700,233.698372,10.447205
64.134087,235.560601,10.510064
64.126226,236.658490,10.556629
64.116258,238.389525,10.615667
64.108480,239.659360,10.668412
64.098925,241.139958,10.717864
64.089726,242.716439,10.781453
64.082482,243.891025,10.819179
64.072050,245.772292,10.892760
64.066929,246.642746,10.919581
64.055446,248.826888,11.002282
64.052264,249.395141,11.019034
64.039911,251.880195,11.109966
64.038719,252.155832,11.117463
64.024154,254.837653,11.209050
64.023500,254.987508,11.213162
64.008110,257.796274,11.309938
64.008014,257.818099,11.310542
64.005375,258.295497,11.327138
63.989396,260.647706,11.408983
63.988501,260.756977,11.413566
63.969860,263.476200,11.509044
63.967317,263.712596,11.521058
63.946773,266.356788,11.636457
63.944300,266.594943,11.647985
63.924809,269.241838,11.756927
63.922500,269.472845,11.767543
63.904047,272.131482,11.870264
63.901989,272.346211,11.879597
63.884573,275.025854,11.976269
63.882841,275.214953,11.984011
63.866472,277.925096,12.074738
63.865131,278.078978,12.080643
63.846370,280.761949,12.171490
63.844071,281.034801,12.182624
63.826024,283.594190,12.270016
63.822646,283.991705,12.286373
63.805339,286.425413,12.370179
63.800846,286.949718,12.391938
63.784307,289.255592,12.472022
63.778861,289.904342,12.497048
63.764969,292.152669,12.568675
63.759319,292.843059,12.594471
63.746184,295.051773,12.662034
63.740386,295.779646,12.688336
63.727978,297.952954,12.752018
63.722087,298.714056,12.778571
63.710381,300.856268,12.838542
63.704449,301.646243,12.865101
63.693422,303.761772,12.921516
63.687500,304.576158,12.947849
63.673660,306.617800,13.013071
63.666207,307.530482,13.048192
63.653070,309.453451,13.110099
63.644574,310.485773,13.150133
63.632165,312.288217,13.208612
63.622595,313.442056,13.253709
63.610937,315.122077,13.308644
63.600568,316.383923,13.356164
63.590633,317.966019,13.404568
63.580047,319.304257,13.452905
63.571067,320.812251,13.496630
63.560359,322.222055,13.545350
63.552268,323.660833,13.584731
63.541527,325.137265,13.633413
63.534263,326.511827,13.668770
63.523578,328.049834,13.717005
63.517081,329.365298,13.748640
63.506539,330.959706,13.796037
63.498897,332.213647,13.831562
63.486459,333.908643,13.889382
63.479434,335.053452,13.922035
63.466100,336.858350,13.984022
63.459711,337.892536,14.013721
63.445456,339.808841,14.079985
63.439721,340.730886,14.106645
63.429131,342.803560,14.164849
63.425176,343.487092,14.180387
63.413578,345.818752,14.245082
63.411177,346.243115,14.254573
63.398636,348.834024,14.325581
63.397725,348.998950,14.329208
63.389469,350.752798,14.376671
63.381843,351.754620,14.403735
63.381178,351.849959,14.406796
63.361319,354.510139,14.477740
63.358885,354.867001,14.489086
63.341330,357.265462,14.552211
63.337203,357.884146,14.571682
63.324788,360.093611,14.623219
63.319999,360.822309,14.643099
63.308025,362.942846,14.692805
63.302622,363.760922,14.715233
63.291099,365.791648,14.763071
63.283993,366.700999,14.792595
63.270518,368.623874,14.848478
63.262629,369.644122,14.881260
63.250083,371.456478,14.933293
63.241436,372.586812,14.969228
63.229795,374.289464,15.017508
63.220415,375.529062,15.056492
63.209657,377.122837,15.101115
63.199570,378.470868,15.143043
63.189671,379.956603,15.184106
63.178901,381.412225,15.228873
63.169838,382.790767,15.266472
63.158411,384.353127,15.313974
63.152108,385.633491,15.340153
63.142587,387.287568,15.379695
63.136661,388.485991,15.404304
63.126623,390.222369,15.445994
63.121082,391.338140,15.469005
63.109713,393.183027,15.517543
63.103972,394.188235,15.540707
63.091735,396.160025,15.593033
63.086686,397.037676,15.613446
63.073560,399.137737,15.669660
63.069222,399.886457,15.687236
63.055188,402.116173,15.747438
63.051579,402.734568,15.762090
63.036616,405.095342,15.826384
63.033755,405.582001,15.838022
63.017841,408.075254,15.906513
63.015748,408.428748,15.915045
62.998861,411.055919,15.987840
62.997748,411.275046,15.992518
62.981589,413.995720,16.060422
62.980937,414.123499,16.063162
62.964157,416.935951,16.133677
62.963974,416.971545,16.134444
62.945666,419.838103,16.207013
62.945615,419.848549,16.207244
62.937275,421.179399,16.240140
62.927209,422.726564,16.278379
62.927112,422.738822,16.278713
62.908877,425.605608,16.347841
62.908619,425.638529,16.348720
62.890929,428.485700,16.415648
62.890534,428.537165,16.416991
62.873376,431.366856,16.481779
62.872866,431.434717,16.483509
62.856229,434.249088,16.546214
62.855623,434.331175,16.548257
62.839497,437.132410,16.608932
62.838817,437.226526,16.611217
62.821453,439.986784,16.672591
62.820196,440.161237,16.677033
62.803278,442.839848,16.736829
62.801031,443.100407,16.745019
62.780254,445.668829,16.816248
62.776802,446.082002,16.828872
62.757903,448.499037,16.893745
62.753349,449.062123,16.910452
62.736226,451.330490,16.969292
62.730674,452.040752,16.989735
62.715230,454.163206,17.042862
62.708780,455.017876,17.066693
62.694917,456.997201,17.114426
62.687669,457.993478,17.141303
62.675292,459.832493,17.183953
62.667344,460.967542,17.213537
62.656359,462.669101,17.251415
62.647807,463.940053,17.283370
62.637654,465.512880,17.319897
62.627545,466.880225,17.356265
62.617943,468.361341,17.390809
62.608887,469.836511,17.425794
62.600611,471.165491,17.453578
62.590701,472.809395,17.492066
62.583602,473.969912,17.515965
62.572880,475.781918,17.557834
62.566916,476.774608,17.577963
62.555422,478.754078,17.623092
62.550553,479.579581,17.639569
62.538327,481.725871,17.687836
62.534513,482.384834,17.700778
62.521595,484.697293,17.752059
62.518796,485.190371,17.761584
62.505226,487.668342,17.815757
62.503401,487.996193,17.821984
62.489219,490.639014,17.878922
62.488311,490.804911,17.882293
62.470934,493.576954,17.946787
62.470505,493.655038,17.948379
62.446957,496.471906,18.030939
62.446599,496.526929,18.032355
62.423042,499.365080,18.114557
62.422821,499.399393,18.115428
62.399272,502.257669,18.197215
62.399178,502.272437,18.197584
62.380265,504.585664,18.262961
62.375578,505.146069,18.278798
62.375541,505.149682,18.278912
62.351753,508.020297,18.359016
62.351539,508.041162,18.359666
62.328115,510.895132,18.438285
62.327740,510.932028,18.439422
62.304673,513.770583,18.516592
62.304152,513.822271,18.518167
62.281434,516.646659,18.593924
62.280781,516.711882,18.595889
62.262982,519.503305,18.652042
62.261792,519.641335,18.655551
62.242844,522.409064,18.719575
62.241760,522.535600,18.722758
62.222884,525.315326,18.786303
62.221913,525.429372,18.789142
62.203107,528.222097,18.852221
62.202256,528.322647,18.854697
62.183519,531.129381,18.917321
62.182795,531.215422,18.919416
62.164124,534.037183,18.981596
62.163535,534.107691,18.983294
62.144928,536.945508,19.045040
62.144481,536.999450,19.046324
62.125938,539.854362,19.107645
62.125638,539.890695,19.108500
62.107158,542.763749,19.169404
62.107013,542.781421,19.169815
62.088588,545.622289,19.225913
62.087777,545.711167,19.228465
62.063642,548.416536,19.299787
62.061525,548.650189,19.306466
62.038841,551.210817,19.373634
62.035436,551.589151,19.384402
62.014183,554.005133,19.447455
62.009509,554.528053,19.462271
61.989669,556.799486,19.521248
61.983745,557.466895,19.540073
61.965299,559.593874,19.595013
61.958144,560.405675,19.617807
61.941073,562.388298,19.668751
61.932705,563.344394,19.695471
61.916991,565.182759,19.742459
61.907429,566.283050,19.773067
61.893053,567.977257,19.816138
61.882315,569.221645,19.850591
61.873215,570.807436,19.878825
61.863029,572.151554,19.909166
61.853271,573.712867,19.940711
61.842624,575.084492,19.972386
61.832768,576.617288,20.004140
61.821630,578.018444,20.037230
61.811697,579.520691,20.069126
61.800038,580.953421,20.103717
61.790049,582.423065,20.135684
61.777838,583.889435,20.171865
61.767818,585.324400,20.203827
61.755021,586.826499,20.241692
61.744995,588.224686,20.273571
61.731576,589.764624,20.313218
61.721571,591.123913,20.344931
61.707494,592.703824,20.386462
61.697538,594.022072,20.417921
61.682764,595.644110,20.461444
61.675328,596.902256,20.484080
61.658462,598.583486,20.535310
61.647652,599.747085,20.568283
61.629684,601.531454,20.622850
61.619798,602.591589,20.653001
61.600714,604.479769,20.710950
61.591765,605.435768,20.738238
61.571549,607.428435,20.799614
61.563550,608.279617,20.823999
61.542187,610.377454,20.888847
61.535153,611.123135,20.910289
61.512628,613.326829,20.978654
61.506573,613.966318,20.997110
61.482869,616.276563,21.069040
61.477807,616.809165,21.084468
61.452909,619.226660,21.160010
61.448853,619.651671,21.172366
61.422745,622.177123,21.251569
61.420135,622.494220,21.259505
61.406513,625.075200,21.299355
61.405195,625.364731,21.303517
61.389300,627.972059,21.350196
61.387909,628.230854,21.354553
61.369617,630.873395,21.408407
61.368259,631.092570,21.412640
61.347424,633.779270,21.474087
61.346224,633.949860,21.477806
61.322676,636.689746,21.547333
61.321787,636.802704,21.550079
61.295330,639.604884,21.628248
61.294927,639.651084,21.629487
61.277099,641.382666,21.682179
61.264497,642.488247,21.716443
61.264029,642.522456,21.717679
61.229434,645.308218,21.811493
61.227486,645.440666,21.816641
61.191426,648.121320,21.914197
61.188311,648.367772,21.922709
61.150770,650.839516,22.018374
61.142734,651.376805,22.040907
61.109392,653.548792,22.126358
61.096714,654.387264,22.162068
61.067721,656.256170,22.236798
61.050255,657.399166,22.286227
61.025763,658.961632,22.349717
61.003359,660.412527,22.413421
60.983521,661.665164,22.465140
60.956028,663.427364,22.543687
60.941000,664.366747,22.583091
60.908264,666.443693,22.677063
60.898203,667.066364,22.703595
60.860071,669.461531,22.813587
60.855135,669.763999,22.826678
60.814628,672.283173,22.944083
60.811252,672.459504,22.952259
60.810826,672.480550,22.953314
60.757861,675.281586,23.088380
60.754543,675.433523,23.096593
60.702488,678.067255,23.226681
60.694501,678.428622,23.246826
60.644175,680.844465,23.372703
60.630627,681.428657,23.406889
60.582723,683.614817,23.526810
60.562830,684.433757,23.577034
60.518092,686.378212,23.689121
60.491010,687.444051,23.757525
60.450240,689.134549,23.859757
60.415069,690.459676,23.948634
60.379124,691.883725,24.038841
60.334903,693.480771,24.150642
60.304700,694.625635,24.226499
60.250404,696.507483,24.363841
60.226923,697.360172,24.422860
60.156883,699.524882,24.599544
60.139887,700.066918,24.642419
60.052110,702.548339,24.863848
60.045458,702.754549,24.880413
59.998071,704.064133,25.001624
59.944008,705.395791,25.123805
59.934326,705.610585,25.146172
59.828975,708.019867,25.385083
59.796621,708.689923,25.459974
59.705736,710.626963,25.666769
59.646040,711.784844,25.805244
59.574190,713.216763,25.969263
59.481998,714.896128,26.183578
59.434230,715.788945,26.292975
59.303873,718.024604,26.596679
59.285747,718.343177,26.638323
59.203537,719.673613,26.830290
59.121071,720.878409,27.002841
59.097683,721.175376,27.052394
58.925517,723.373932,27.414086
58.838281,724.364135,27.599213
58.709679,725.831514,27.870086
58.536947,727.598564,28.237265
58.473490,728.250852,28.371258
58.287536,729.976951,28.767235
58.210649,730.631050,28.915642
58.177470,730.887547,28.980151
57.896887,733.020251,29.526799
57.716372,734.180361,29.874244
57.535665,735.337285,30.224671
57.136523,737.531507,30.990464
57.128026,737.576099,31.005578
57.122641,737.600651,31.015068
56.651324,739.742319,31.849967
56.282968,741.210255,32.497064
56.126326,741.832552,32.773423
55.936726,742.372942,33.106251
55.465509,743.677419,33.872014
54.755119,745.435412,35.024273
54.747978,745.452863,35.035864
54.743341,745.463039,35.043378
53.947626,747.166882,36.240310
53.482579,748.064041,36.938713
53.083280,748.818294,37.496836
52.153402,750.405508,38.794622
52.150291,750.409987,38.798659
52.137392,750.425795,38.815377
51.055648,751.756466,40.217751
50.792817,752.030783,40.558073
49.863019,753.013510,41.683192
49.380655,753.446529,42.266219
48.569406,754.186681,43.182911
47.916799,754.692425,43.919543
47.172034,755.281198,44.705618
46.416531,755.804886,45.502736
45.663559,756.266104,46.245624
44.880472,756.774548,47.018471
44.085831,757.228708,47.751783
43.293681,757.709846,48.483028
42.435130,758.166789,49.223940
41.656144,758.608653,49.896402
40.707225,759.077817,50.661923
39.967846,759.468664,51.258589
38.897281,759.958903,52.065532
38.228771,760.287377,52.569583
37.113134,760.869005,53.352656
36.497348,761.164439,53.785022
35.246145,761.698369,54.604748
34.733924,761.897645,54.940438
33.231348,762.407995,55.857066
32.938504,762.497445,56.035768
31.404934,762.895249,56.904510
31.111111,762.978772,57.070946
31.056360,762.992084,57.099646
29.238234,763.703903,58.052733
29.000030,763.785609,58.167865
27.332955,764.394150,58.973397
26.867860,764.541629,59.179748
25.395692,765.040379,59.832725
24.654191,765.256426,60.133262
23.426455,765.640364,60.630724
22.352588,765.925774,61.026094
21.425255,766.191728,61.367405
19.452741,766.622236,62.013402
19.103538,766.716714,62.127731
18.266471,766.875350,62.368119
16.766794,767.202628,62.798856
16.089562,767.300028,62.966476
14.415108,767.618670,63.380771
12.479386,767.836090,63.783817
12.048647,767.904779,63.873468
11.336694,767.959935,63.994088
9.667174,768.151908,64.277022
8.560616,768.196070,64.422249
7.270854,768.300853,64.591426
5.596972,768.304833,64.747796
4.859733,768.337476,64.816707
4.233277,768.319900,64.851905
2.436852,768.513116,64.952777
0.240023,768.670916,64.995349
0.000000,768.691956,65.000000
-0.256333,768.664915,64.994875
-2.509188,768.462219,64.949836
